ms -N 10000 10 1 -t 40 -r 40 100000  [3.2rc Build:162]
0x487b19c8bd624e06

//
segsites: 108
positions: 0.00473 0.00493 0.01001 0.04791 0.04957 0.04995 0.05443 0.06207 0.07512 0.07954 0.10093 0.10599 0.11751 0.12136 0.13631 0.15128 0.16732 0.16990 0.17620 0.17692 0.18548 0.19433 0.20398 0.21309 0.21314 0.21726 0.22247 0.23074 0.24006 0.24421 0.26074 0.26139 0.27407 0.28203 0.28457 0.29513 0.29729 0.33227 0.33308 0.34192 0.34624 0.35059 0.35186 0.35908 0.36417 0.38337 0.38815 0.40487 0.41179 0.42515 0.43092 0.46181 0.48740 0.49536 0.49627 0.50318 0.51845 0.53074 0.53111 0.53297 0.53986 0.54744 0.55531 0.56114 0.56411 0.57576 0.57810 0.61583 0.62914 0.63071 0.64081 0.66247 0.69868 0.70546 0.71494 0.72227 0.73426 0.73724 0.74287 0.75484 0.78191 0.79562 0.79707 0.82396 0.82922 0.83116 0.83391 0.83607 0.83905 0.84386 0.84410 0.85245 0.85341 0.86395 0.86412 0.86833 0.87639 0.88067 0.89072 0.89398 0.90587 0.93832 0.95329 0.96540 0.97176 0.97683 0.98857 0.99094 
010100000100000110010000010001100000100000010000000110100001010000100000100000000100100010100001110001000010
010000100010000000001000010000000000010000100001010101100000000001000000000000000001011000100000000011000000
110000100010000000000000000010000010000001000000000100100000011100010000100000000100100010100001110001000010
010000110010010000000010001010000110000001000000000100110000010010001011011010101001000111010100000111010010
001001001100000110010000000010010010000001000000000100100100010000000000000000000110100010100001110000101101
010000100010000000001001100110000011001100001110100100101000000001000000000000000001000111010100001011000000
110100000100101001000100000010010010000001000000000100100000111100000000100000010000100010100011110000100101
110010100011000000100000100010000010001110001110101000000010000000000100000101000101000111011100000011000010
010100000100000110010000010001101000100000010000000110100001010000100000100000000100100010100001110001000010
110000100010000000001000010000000000010000000001010101100000000001000000000000000001011000100000000011000000

