with 5 sims, n = 10
[0.36544439 0.34002255 0.32869299 0.3474182  0.39900567 0.36756566
 0.36981893 0.42412834 0.42827615 0.32232506 0.41176741 0.36719048
 0.32142943 0.39133097 0.32518503 0.42287987 0.38095623 0.4
 0.38208144        nan 0.43298957 0.37611138 0.3256018         nan
 0.4               nan 0.4               nan 0.4617226  0.39941815
 0.39090408 0.41508267 0.41608485 0.33685247 0.37748172 0.38878017
 0.40057239 0.33097319 0.35718394 0.34755979 0.41296719 0.33245694
 0.36057919 0.34370541 0.35441094 0.35172645 0.3455349  0.40133094
 0.38347552 0.41492415 0.32675451 0.37123866 0.33392483 0.38502212
 0.35942989 0.39662027 0.33675323 0.3518865         nan 0.36331666
 0.326192   0.36320822 0.38516821 0.41167642 0.37693135 0.35889103
 0.42660427        nan 0.38039966 0.34766178 0.35953998 0.37216119
 0.38188002 0.36621654 0.37992386 0.34786241 0.36774288 0.40310474
 0.34030733 0.325431   0.34331809 0.39435675 0.3789934  0.42744472
 0.35473065 0.38654904 0.41207105 0.3853904  0.38995098 0.38815243
 0.3827064  0.411545   0.4        0.38801371 0.41017507 0.3715265
 0.38779894 0.36855516 0.35327239 0.37459232 0.38966373 0.36935695
 0.36632925 0.33559655 0.33471056 0.35047498 0.37000884 0.35614588
 0.32417469 0.34224118 0.38430471 0.34647158 0.32900003 0.35452869
 0.32887746 0.34807347 0.35849017 0.33403983 0.43223175 0.34158364
 0.37138371 0.35680922 0.34077633 0.34123169 0.41134307 0.36582889
 0.33190571        nan 0.32588448 0.36759994 0.37077795 0.34616564
 0.32928245 0.33295616 0.43309045 0.4038258         nan 0.38868252
 0.36809967 0.32628614 0.33270298 0.32946106 0.33059459 0.37106271
 0.37921365 0.36488043 0.37019825 0.43161508 0.34556318 0.37505702
 0.34649095 0.38716335 0.4        0.4267114  0.32996824 0.38042803
 0.36328835 0.4        0.4000086  0.46931109 0.36960194 0.410536
        nan 0.45662386 0.42405352 0.4        0.34353724 0.39010703
 0.45510904 0.37869265 0.36677653 0.3494864  0.35958412 0.38214915
 0.35484915 0.36652618 0.32274876 0.34203966 0.32598803 0.35032584
 0.41791771 0.31900947 0.35580991 0.36455984 0.36340344 0.36495278
 0.34899418 0.33846511 0.34696472 0.32677809 0.33448095 0.37641786
 0.35454713 0.34973855 0.40824617 0.34701241        nan 0.42519123
 0.34303537 0.38020271 0.36719922 0.38589472 0.35238288 0.43115299
 0.37227828        nan 0.35134894 0.37652141 0.37753546 0.39904129]
with 20 sims, n = 10
[0.19766235 0.25897855 0.26718379 0.22496589 0.30155875 0.25535689
 0.30370534 0.27614346 0.30995385 0.30488887 0.27238985 0.27991421
 0.26106485 0.27880995 0.25787466 0.29205317 0.32729838 0.24894819
 0.28216005 0.29795308 0.3375863  0.28208289 0.29338954 0.21904618
 0.22072428 0.29855137 0.28594152 0.31427212 0.23195449 0.28823728
 0.2973353  0.272308   0.29296224 0.30720585 0.21820148 0.28424617
 0.30979606 0.29455579 0.27492531 0.27220745 0.29688303 0.27921948
 0.28240177 0.24776719 0.27950163 0.2306821  0.25876146 0.24979628
 0.2772142  0.28075662 0.23508494 0.25152634 0.21637554 0.27498201
 0.28026897 0.25784759 0.28866406 0.25776112        nan 0.27975777
 0.26131898 0.27750002 0.27770475 0.27271181 0.25805776 0.29109761
 0.30010103        nan 0.27032764 0.28770357 0.23665221 0.26843793
 0.2531607  0.25176927 0.23405115 0.29072255 0.26283785 0.27459772
 0.26826945 0.23945124 0.27302709 0.30025525 0.29004545 0.30486034
 0.31412933 0.28049527 0.24112245 0.28966602 0.27421745 0.29212845
 0.25652899 0.25451753 0.26576836 0.24847358 0.26869573 0.31398214
 0.27262355 0.27960749 0.30820963 0.26504296 0.26433482 0.25650186
 0.28843139 0.27109762 0.25245464 0.2813184  0.24564728 0.27920609
 0.24363373 0.22347253 0.27339359 0.29539226 0.231433   0.27183042
 0.26270734 0.27447002 0.22675704 0.27733823 0.30580302 0.28973498
 0.29268662 0.3130047  0.23483317 0.26964307 0.2814463  0.25456796
 0.22593764        nan 0.32732078 0.27186015 0.24509655 0.23706067
 0.24039003 0.25765797 0.23511291 0.29932368        nan 0.2371092
 0.24131065 0.25774446 0.28240475 0.27142455 0.28344145 0.24850587
 0.25559443 0.24352035 0.31836988 0.25434841 0.27741179 0.26345306
 0.20768073 0.32409617 0.30296775 0.22575755 0.28939578 0.3034914
 0.30620798 0.25554434 0.30466261 0.35473171 0.34678985 0.2948917
 0.21705544 0.23111353 0.32468568 0.31779353 0.28205051 0.32762797
 0.23645849 0.28918764 0.24312473 0.27327378 0.2473198  0.27752757
 0.21623289 0.24424045 0.25991596 0.25316853 0.25502227 0.24633268
 0.23657994 0.25166737 0.25045607 0.21287767 0.2668461  0.26340997
 0.26289171 0.28350777 0.26745438 0.26413338 0.22096611 0.24151093
 0.27495612 0.26946933 0.26619754 0.27880052        nan 0.3279699
 0.23796898 0.25601757 0.27730551 0.2555914  0.31678187 0.30493956
 0.25484985        nan 0.33902904 0.20527745 0.25648527 0.27936008]
with 5 sims, n = 20
[0.32380845 0.37851064 0.33324101 0.37337274 0.3603877  0.36623684
 0.36684602 0.36774138 0.46519386 0.33250653 0.4        0.37649516
 0.42296572 0.40105706 0.4        0.32450124 0.37371456 0.32363956
 0.33033084 0.4        0.40803212 0.4        0.34426668        nan
 0.4        0.45310301        nan 0.38748387 0.48575939 0.42078571
 0.4        0.41310255 0.4        0.32912651 0.37479296 0.35927052
 0.36122743 0.38253397 0.33599461 0.36047262 0.34687759 0.42386202
 0.38763874 0.37157858 0.33398449 0.33215441 0.3211831  0.43586965
 0.37987026 0.35358842 0.37036887 0.36854924 0.33147371 0.34923543
 0.36418554 0.35369487 0.32657421 0.42742492        nan 0.35191759
 0.34792019 0.36023995 0.39771665 0.39730519 0.39253967 0.34141175
 0.40286577        nan 0.3443124  0.37350325 0.33308149 0.3191781
 0.38026411 0.35078734 0.35526679 0.40698636 0.37482851 0.3779105
 0.39645953 0.32379488 0.36641889 0.37574507 0.45431073 0.38953195
 0.35390315 0.37463174 0.35574531 0.36093306 0.44427065 0.41605418
 0.32753577 0.38111949        nan 0.38837352 0.38887972 0.41308484
 0.38930038 0.40384269 0.38167513 0.34594074 0.38622479 0.33062567
 0.41126036 0.32363191 0.34907634 0.36601317 0.32799442 0.35602706
 0.39937768 0.35107861 0.36649431 0.32319254 0.36008858 0.36229564
 0.35382106 0.38799797 0.46051705 0.41242406 0.35172714 0.39900516
 0.33564734 0.36841189 0.41032927 0.43139036 0.37803841 0.35003739
 0.33327916        nan 0.41921268 0.37560385 0.36823215 0.36108988
 0.38301921 0.32068232 0.44890289 0.40000925        nan 0.37011448
 0.33168501 0.44960734 0.43661022 0.42529163 0.36244897 0.38416069
 0.35763742 0.32196168 0.36060755 0.36904589 0.33745102 0.35442274
 0.37621135 0.32253715 0.3886449  0.39056306 0.3630531  0.37699636
 0.37322456 0.37666451 0.37274335 0.41740604 0.42094475        nan
 0.4449648  0.4        0.47026241 0.4        0.4111205  0.3783602
 0.3787534  0.34883003 0.34418444 0.38012462 0.35778106 0.35173889
 0.35068305 0.33143423 0.32349277 0.35326771 0.36126981 0.36152759
 0.39258271 0.37138338 0.35335874 0.39133349 0.37168921 0.33160147
 0.33219862 0.41583264 0.33432738 0.38507308 0.38148741 0.37576389
 0.40177099 0.36689215 0.36731    0.37536952        nan 0.337261
 0.40324962 0.36174579 0.33984125 0.38186492 0.35298484 0.32090134
 0.39915553        nan 0.36720884 0.37308698 0.37902025 0.38345064]
with 20 sims, n = 20
[0.24391494 0.29769124 0.28941637 0.31013151 0.23353781 0.24307066
 0.3115508  0.30969757 0.40472429 0.25882542 0.24353659 0.31088508
 0.32479223 0.29801607 0.28322026 0.29918203 0.31492048 0.3196053
 0.31238094 0.2912251  0.2970722  0.41577186 0.3331292  0.24522514
 0.23309206 0.22449456 0.21748413 0.29412382 0.27822148 0.25185959
 0.310301   0.2645115  0.33267559 0.24423455 0.29456999 0.34403577
 0.2773326  0.27804894 0.28087521 0.29087507 0.22973258 0.2227316
 0.23218001 0.28983845 0.28411839 0.2377935  0.24753381 0.31519385
 0.2697611  0.24402955 0.26195622 0.30922364 0.2601313  0.24800167
 0.29560252 0.27667685 0.28040163 0.30142007        nan 0.28006369
 0.26258427 0.23919511 0.31759616 0.26705553 0.23821667 0.2357026
 0.21145855        nan 0.23914741 0.27312143 0.25312299 0.2739722
 0.23444104 0.25989442 0.27832591 0.28885077 0.31594824 0.29143798
 0.25376173 0.27792654 0.22756397 0.31357406 0.27080354 0.26290932
 0.2374783  0.26622694 0.29314028 0.29160942 0.30372595 0.26450428
 0.23782969 0.32463238 0.25963274 0.23706937 0.23025882 0.30418766
 0.35971299 0.25331677 0.29198218 0.33722104 0.3485562  0.24394526
 0.29889441 0.30857043 0.25877614 0.32449749 0.28196932 0.2640446
 0.21867026 0.30121297 0.30957863 0.25038142 0.27249671 0.25511039
 0.25790968 0.25890129 0.29021234 0.23752315 0.32040194 0.2274193
 0.26677786 0.29671553 0.22994038 0.27815516 0.27583174 0.23416412
 0.25574401        nan 0.23376103 0.22345136 0.22759855 0.26839191
 0.2795231  0.28614815 0.26687717 0.30746912        nan 0.23005567
 0.27849136 0.2957783  0.29411049 0.28887052 0.22344603 0.26859492
 0.2743117  0.25005879 0.26740951 0.25596603 0.28465141 0.31048772
 0.30095432 0.26475083 0.35715347 0.27575938 0.2605401  0.2625118
 0.3023223  0.24960397 0.31172138 0.29952004 0.36291955 0.21777143
 0.24017579 0.39034548 0.26012537 0.27750834 0.22523331 0.36495879
 0.22254616 0.33662211 0.26250723 0.32869022 0.27251548 0.30280724
 0.23929711 0.23096777 0.26089803 0.23885554 0.23922371 0.2720746
 0.28422442 0.26703222 0.2394783  0.25419104 0.25538321 0.28809569
 0.25006181 0.23962541 0.27034101 0.27783822 0.28988548 0.27161614
 0.27181533 0.2383533  0.253719   0.20840369        nan 0.2418841
 0.30775164 0.25711052 0.25574339 0.25026188 0.28354853 0.26358317
 0.21413473        nan 0.23851848 0.25726052 0.26803538 0.27028888]

