# Initial probabilities
-2.892352e+00
-2.919836e+00
-2.939557e+00
-2.950499e+00
-2.951728e+00
-2.938988e+00
-2.903137e+00
-2.834701e+00
-2.734610e+00
-2.621660e+00
-2.528037e+00
-2.488458e+00
-2.533239e+00
-2.687109e+00
-2.969721e+00
-3.392924e+00
-3.948963e+00
-4.586477e+00
-5.209454e+00
-6.099932e+00

# Transition Probabilities
-3.467271e-03 -9.805226e+00 -9.701170e+00 -9.588877e+00 -9.465245e+00 -9.325473e+00 -9.161561e+00 -8.966003e+00 -8.739896e+00 -8.498165e+00 -8.266073e+00 -8.071035e+00 -7.936984e+00 -7.883151e+00 -7.924938e+00 -8.074386e+00 -8.338971e+00 -8.721045e+00 -9.235969e+00 -1.021316e+01 
-1.000344e+01 -3.074556e-03 -9.803600e+00 -9.692983e+00 -9.570769e+00 -9.432276e+00 -9.269736e+00 -9.076012e+00 -8.852462e+00 -8.613903e+00 -8.385178e+00 -8.193230e+00 -8.061636e+00 -8.009380e+00 -8.051632e+00 -8.200122e+00 -8.461803e+00 -8.837973e+00 -9.340878e+00 -1.027083e+01 
-1.010240e+01 -1.000581e+01 -2.726850e-03 -9.796109e+00 -9.675455e+00 -9.538471e+00 -9.377507e+00 -9.185795e+00 -8.965026e+00 -8.729951e+00 -8.504957e+00 -8.316432e+00 -8.187512e+00 -8.136849e+00 -8.179304e+00 -8.326197e+00 -8.583795e+00 -8.951965e+00 -9.438551e+00 -1.029856e+01 
-1.020888e+01 -1.011231e+01 -1.001254e+01 -2.397977e-03 -9.785989e+00 -9.650825e+00 -9.491818e+00 -9.302611e+00 -9.085265e+00 -8.854426e+00 -8.633915e+00 -8.449449e+00 -8.323625e+00 -8.274696e+00 -8.317148e+00 -8.461803e+00 -8.714110e+00 -9.072212e+00 -9.538585e+00 -1.031384e+01 
-1.032544e+01 -1.022770e+01 -1.012815e+01 -1.002172e+01 -2.079948e-03 -9.771415e+00 -9.614845e+00 -9.429009e+00 -9.216311e+00 -8.991118e+00 -8.776456e+00 -8.597190e+00 -8.475281e+00 -8.428540e+00 -8.471049e+00 -8.613104e+00 -8.859292e+00 -9.205976e+00 -9.650148e+00 -1.034034e+01 
-1.045755e+01 -1.035716e+01 -1.025692e+01 -1.015109e+01 -1.003535e+01 -1.764135e-03 -9.750768e+00 -9.569699e+00 -9.363686e+00 -9.146465e+00 -8.939882e+00 -8.767695e+00 -8.651119e+00 -8.607502e+00 -8.650545e+00 -8.790051e+00 -9.029822e+00 -9.364657e+00 -9.786800e+00 -1.040337e+01 
-1.061050e+01 -1.050547e+01 -1.040321e+01 -1.029707e+01 -1.018222e+01 -1.005330e+01 -1.449639e-03 -9.729722e+00 -9.533324e+00 -9.327371e+00 -9.132031e+00 -8.969618e+00 -8.860469e+00 -8.821468e+00 -8.865987e+00 -9.003434e+00 -9.236999e+00 -9.560359e+00 -9.962388e+00 -1.052328e+01 
-1.077775e+01 -1.066582e+01 -1.056007e+01 -1.045274e+01 -1.033848e+01 -1.021221e+01 -1.006846e+01 -1.157780e-03 -9.720238e+00 -9.529309e+00 -9.348858e+00 -9.199409e+00 -9.100253e+00 -9.067783e+00 -9.115110e+00 -9.251363e+00 -9.479365e+00 -9.792256e+00 -1.017726e+01 -1.070279e+01 
-1.093713e+01 -1.081645e+01 -1.070618e+01 -1.059719e+01 -1.048367e+01 -1.036086e+01 -1.022425e+01 -1.007106e+01 -9.193023e-04 -9.730591e+00 -9.568162e+00 -9.434575e+00 -9.347886e+00 -9.323925e+00 -9.375556e+00 -9.511743e+00 -9.735198e+00 -1.003915e+01 -1.041090e+01 -1.092081e+01 
-1.106335e+01 -1.093314e+01 -1.081806e+01 -1.070750e+01 -1.059514e+01 -1.047650e+01 -1.034795e+01 -1.020738e+01 -1.005661e+01 -7.488216e-04 -9.760397e+00 -9.644385e+00 -9.571860e+00 -9.557959e+00 -9.615265e+00 -9.752640e+00 -9.972909e+00 -1.026994e+01 -1.063252e+01 -1.114380e+01 
-1.114111e+01 -1.100169e+01 -1.088212e+01 -1.077034e+01 -1.065946e+01 -1.054520e+01 -1.042460e+01 -1.029617e+01 -1.016148e+01 -1.002679e+01 -6.415104e-04 -9.804758e+00 -9.746880e+00 -9.743828e+00 -9.807826e+00 -9.947656e+00 -1.016640e+01 -1.045894e+01 -1.081648e+01 -1.134204e+01 
-1.116618e+01 -1.101845e+01 -1.089497e+01 -1.078224e+01 -1.067282e+01 -1.056252e+01 -1.044888e+01 -1.033089e+01 -1.021008e+01 -1.009171e+01 -9.985208e+00 -5.856901e-04 -9.859149e+00 -9.866928e+00 -9.938220e+00 -1.008173e+01 -1.030088e+01 -1.059170e+01 -1.094818e+01 -1.149656e+01 
-1.113926e+01 -1.098431e+01 -1.085749e+01 -1.074389e+01 -1.063552e+01 -1.052825e+01 -1.041998e+01 -1.031013e+01 -1.020027e+01 -1.009506e+01 -1.000276e+01 -9.934534e+00 -5.726150e-04 -9.921054e+00 -9.999924e+00 -1.014830e+01 -1.036998e+01 -1.066213e+01 -1.102137e+01 -1.159744e+01 
-1.106036e+01 -1.089940e+01 -1.076975e+01 -1.065518e+01 -1.054721e+01 -1.044171e+01 -1.033691e+01 -1.023263e+01 -1.013058e+01 -1.003513e+01 -9.953771e+00 -9.896725e+00 -9.875801e+00 -6.005703e-04 -9.989661e+00 -1.014413e+01 -1.037064e+01 -1.066735e+01 -1.103311e+01 -1.163940e+01 
-1.092539e+01 -1.076003e+01 -1.062824e+01 -1.051261e+01 -1.040423e+01 -1.029905e+01 -1.019566e+01 -1.009430e+01 -9.996921e+00 -9.907849e+00 -9.834186e+00 -9.785555e+00 -9.773195e+00 -9.808774e+00 -6.776688e-04 -1.006502e+01 -1.029885e+01 -1.060356e+01 -1.097968e+01 -1.161790e+01 
-1.072413e+01 -1.055704e+01 -1.042440e+01 -1.030786e+01 -1.019829e+01 -1.009189e+01 -9.987733e+00 -9.886596e+00 -9.790832e+00 -9.704909e+00 -9.635834e+00 -9.592976e+00 -9.587286e+00 -9.630232e+00 -9.732642e+00 -8.279497e-04 -1.014710e+01 -1.046347e+01 -1.085401e+01 -1.152662e+01 
-1.043865e+01 -1.027449e+01 -1.014339e+01 -1.002672e+01 -9.915461e+00 -9.806379e+00 -9.699323e+00 -9.595805e+00 -9.498756e+00 -9.413008e+00 -9.345725e+00 -9.306296e+00 -9.305644e+00 -9.355246e+00 -9.466047e+00 -9.647095e+00 -1.107428e-03 -1.023537e+01 -1.064468e+01 -1.135680e+01 
-1.004095e+01 -9.886803e+00 -9.761288e+00 -9.646308e+00 -9.533571e+00 -9.420901e+00 -9.309349e+00 -9.201481e+00 -9.101024e+00 -9.013347e+00 -8.945962e+00 -8.908475e+00 -8.911972e+00 -8.968108e+00 -9.088078e+00 -9.281276e+00 -9.553275e+00 -1.648614e-03 -1.033680e+01 -1.109870e+01 
-9.474716e+00 -9.338221e+00 -9.223163e+00 -9.112746e+00 -8.999963e+00 -8.884328e+00 -8.768638e+00 -8.656881e+00 -8.553746e+00 -8.465175e+00 -8.399000e+00 -8.365022e+00 -8.374498e+00 -8.439306e+00 -8.570960e+00 -8.779266e+00 -9.070203e+00 -9.444123e+00 -2.836896e-03 -1.073557e+01 
-8.076444e+00 -7.969628e+00 -7.871928e+00 -7.767217e+00 -7.651570e+00 -7.529954e+00 -7.411019e+00 -7.303240e+00 -7.213649e+00 -7.148388e+00 -7.113854e+00 -7.117585e+00 -7.168594e+00 -7.277142e+00 -7.454015e+00 -7.709111e+00 -8.048951e+00 -8.474239e+00 -8.989887e+00 -1.009133e-02 

# Emission Probabilities
-2.370629e-04 -8.347304e+00 
-6.697815e-04 -7.308894e+00 
-1.111749e-03 -6.802376e+00 
-1.578492e-03 -6.452075e+00 
-2.068963e-03 -6.181742e+00 
-2.586289e-03 -5.958824e+00 
-3.118621e-03 -5.771923e+00 
-3.618946e-03 -5.623381e+00 
-4.034140e-03 -5.514979e+00 
-4.347227e-03 -5.440390e+00 
-4.576773e-03 -5.389049e+00 
-4.753206e-03 -5.351312e+00 
-4.904547e-03 -5.320044e+00 
-5.054504e-03 -5.290002e+00 
-5.226666e-03 -5.256594e+00 
-5.453010e-03 -5.214313e+00 
-5.792536e-03 -5.154080e+00 
-6.385749e-03 -5.056878e+00 
-7.710105e-03 -4.869076e+00 
-2.002024e-02 -3.921005e+00 
