# Initial probabilities
-1.465445e+01
-8.369013e+00
-5.706160e+00
-3.582246e+00
-2.030325e+00
-1.160647e+00
-1.073888e+00
-1.784995e+00
-3.997711e+00
-8.893084e+00
-1.414985e+01
-1.763563e+01

# Transition Probabilities
-4.857440e-04 -9.835201e+00 -9.901754e+00 -9.956346e+00 -1.003499e+01 -1.013299e+01 -1.018990e+01 -1.021764e+01 -1.023362e+01 -1.012024e+01 -1.001582e+01 -9.789417e+00 
-9.347378e+00 -8.740804e-04 -9.423314e+00 -9.475973e+00 -9.534476e+00 -9.575745e+00 -9.559938e+00 -9.523635e+00 -9.493719e+00 -9.368464e+00 -9.235872e+00 -9.366638e+00 
-9.434294e+00 -9.373840e+00 -9.849384e-04 -9.438874e+00 -9.484447e+00 -9.499913e+00 -9.450681e+00 -9.382660e+00 -9.322612e+00 -9.171069e+00 -9.005122e+00 -9.113428e+00 
-9.495933e+00 -9.352856e+00 -9.357683e+00 -1.090317e-03 -9.424975e+00 -9.421644e+00 -9.354251e+00 -9.275655e+00 -9.208879e+00 -9.050937e+00 -8.862077e+00 -8.869945e+00 
-9.563812e+00 -9.353343e+00 -9.345872e+00 -9.371578e+00 -1.130035e-03 -9.375087e+00 -9.299958e+00 -9.228317e+00 -9.178659e+00 -9.040052e+00 -8.850875e+00 -8.736810e+00 
-9.679304e+00 -9.396182e+00 -9.379180e+00 -9.401985e+00 -9.418105e+00 -1.050439e-03 -9.320780e+00 -9.271611e+00 -9.261523e+00 -9.170706e+00 -9.013338e+00 -8.794341e+00 
-9.824221e+00 -9.443247e+00 -9.412769e+00 -9.438221e+00 -9.460594e+00 -9.444339e+00 -9.214254e-04 -9.377090e+00 -9.414741e+00 -9.380141e+00 -9.270088e+00 -8.990223e+00 
-9.868731e+00 -9.381007e+00 -9.324314e+00 -9.348221e+00 -9.382647e+00 -9.390024e+00 -9.371943e+00 -9.169860e-04 -9.466526e+00 -9.465794e+00 -9.386710e+00 -9.091243e+00 
-9.817699e+00 -9.245036e+00 -9.149833e+00 -9.160412e+00 -9.201762e+00 -9.236146e+00 -9.257049e+00 -9.307594e+00 -1.036360e-03 -9.388916e+00 -9.319427e+00 -9.065348e+00 
-9.889578e+00 -9.318119e+00 -9.168642e+00 -9.136145e+00 -9.155609e+00 -9.196039e+00 -9.246961e+00 -9.320588e+00 -9.404377e+00 -1.014799e-03 -9.343126e+00 -9.221584e+00 
-9.823475e+00 -9.281174e+00 -9.091038e+00 -9.014119e+00 -8.996941e+00 -9.013512e+00 -9.061577e+00 -9.151162e+00 -9.269441e+00 -9.334150e+00 -1.107852e-03 -9.494458e+00 
-9.360335e+00 -8.673419e+00 -8.425984e+00 -8.274000e+00 -8.191005e+00 -8.153495e+00 -8.158060e+00 -8.253856e+00 -8.456615e+00 -8.681388e+00 -9.006649e+00 -2.350398e-03 

# Emission Probabilities
-2.300227e-04 -8.377448e+00 
-8.470365e-04 -7.074190e+00 
-1.169767e-03 -6.751536e+00 
-1.614819e-03 -6.429340e+00 
-2.241191e-03 -6.101868e+00 
-3.072907e-03 -5.786667e+00 
-3.864664e-03 -5.557812e+00 
-4.579025e-03 -5.388558e+00 
-5.781378e-03 -5.156002e+00 
-7.912507e-03 -4.843264e+00 
-9.586569e-03 -4.652182e+00 
-1.420586e-02 -4.261195e+00 
