# Initial probabilities
-1.647498e+01
-9.020481e+00
-7.242964e+00
-6.009767e+00
-5.001582e+00
-4.188449e+00
-3.508551e+00
-2.837627e+00
-2.144210e+00
-1.626839e+00
-1.536575e+00
-1.790467e+00
-2.483752e+00
-3.853637e+00
-5.981024e+00
-1.039209e+01

# Transition Probabilities
-7.863609e-04 -9.564635e+00 -9.673830e+00 -9.775500e+00 -9.860729e+00 -9.935250e+00 -1.002150e+01 -1.013299e+01 -1.027868e+01 -1.044517e+01 -1.054473e+01 -1.053454e+01 -1.046046e+01 -1.045510e+01 -1.065328e+01 -1.159479e+01 
-1.041372e+01 -8.076297e-04 -9.630575e+00 -9.655140e+00 -9.684798e+00 -9.705357e+00 -9.736986e+00 -9.794502e+00 -9.876843e+00 -9.958519e+00 -9.979740e+00 -9.930104e+00 -9.851450e+00 -9.810812e+00 -9.854241e+00 -1.036796e+01 
-1.059360e+01 -9.726674e+00 -7.788531e-04 -9.714249e+00 -9.750378e+00 -9.773575e+00 -9.804864e+00 -9.860319e+00 -9.937273e+00 -1.000320e+01 -9.998470e+00 -9.923862e+00 -9.828699e+00 -9.773204e+00 -9.778619e+00 -1.012839e+01 
-1.063617e+01 -9.689575e+00 -9.642812e+00 -8.294774e-04 -9.718310e+00 -9.742331e+00 -9.773601e+00 -9.828748e+00 -9.903713e+00 -9.958719e+00 -9.930868e+00 -9.832478e+00 -9.723660e+00 -9.662896e+00 -9.654611e+00 -9.896510e+00 
-1.069739e+01 -9.675185e+00 -9.616896e+00 -9.647492e+00 -8.875790e-04 -9.700065e+00 -9.728521e+00 -9.782281e+00 -9.855477e+00 -9.901091e+00 -9.852842e+00 -9.734064e+00 -9.614913e+00 -9.554398e+00 -9.546914e+00 -9.706092e+00 
-1.080783e+01 -9.712086e+00 -9.633028e+00 -9.648113e+00 -9.668677e+00 -9.172260e-04 -9.704900e+00 -9.758487e+00 -9.832343e+00 -9.872093e+00 -9.808531e+00 -9.675218e+00 -9.549738e+00 -9.491480e+00 -9.490488e+00 -9.568207e+00 
-1.091888e+01 -9.756143e+00 -9.651864e+00 -9.647087e+00 -9.653041e+00 -9.656722e+00 -9.408535e-04 -9.737232e+00 -9.814720e+00 -9.851018e+00 -9.775733e+00 -9.633593e+00 -9.506943e+00 -9.452434e+00 -9.457395e+00 -9.440205e+00 
-1.097834e+01 -9.751962e+00 -9.622144e+00 -9.597755e+00 -9.591244e+00 -9.590856e+00 -9.617365e+00 -1.003864e-03 -9.761956e+00 -9.793584e+00 -9.706920e+00 -9.560733e+00 -9.439860e+00 -9.392962e+00 -9.402565e+00 -9.273817e+00 
-1.099528e+01 -9.706855e+00 -9.554160e+00 -9.512737e+00 -9.497395e+00 -9.496690e+00 -9.528176e+00 -9.596872e+00 -1.098088e-03 -9.705118e+00 -9.609004e+00 -9.466957e+00 -9.363040e+00 -9.331946e+00 -9.348544e+00 -9.105198e+00 
-1.106005e+01 -9.728845e+00 -9.561941e+00 -9.507830e+00 -9.485122e+00 -9.482479e+00 -9.514052e+00 -9.581690e+00 -9.661500e+00 -1.088961e-03 -9.587646e+00 -9.468123e+00 -9.399170e+00 -9.397444e+00 -9.430255e+00 -9.112863e+00 
-1.117232e+01 -9.854644e+00 -9.691031e+00 -9.632009e+00 -9.601125e+00 -9.588786e+00 -9.609190e+00 -9.664412e+00 -9.733282e+00 -9.751597e+00 -9.377415e-04 -9.602249e+00 -9.583866e+00 -9.623502e+00 -9.684823e+00 -9.364059e+00 
-1.117243e+01 -9.907377e+00 -9.758189e+00 -9.700710e+00 -9.663294e+00 -9.639073e+00 -9.645075e+00 -9.685610e+00 -9.743780e+00 -9.765249e+00 -9.718092e+00 -8.566690e-04 -9.710288e+00 -9.790972e+00 -9.886503e+00 -9.602476e+00 
-1.098910e+01 -9.784034e+00 -9.651264e+00 -9.601136e+00 -9.563786e+00 -9.533704e+00 -9.531169e+00 -9.563373e+00 -9.617416e+00 -9.646274e+00 -9.619720e+00 -9.611771e+00 -9.278090e-04 -9.795847e+00 -9.928093e+00 -9.683446e+00 
-1.070087e+01 -9.524897e+00 -9.401781e+00 -9.360895e+00 -9.328704e+00 -9.298802e+00 -9.293772e+00 -9.323858e+00 -9.379989e+00 -9.421231e+00 -9.416403e+00 -9.434135e+00 -9.534827e+00 -1.151869e-03 -9.847998e+00 -9.618891e+00 
-1.052335e+01 -9.251314e+00 -9.104308e+00 -9.052105e+00 -9.009913e+00 -8.969890e+00 -8.955446e+00 -8.978813e+00 -9.034635e+00 -9.089504e+00 -9.113559e+00 -9.165268e+00 -9.304477e+00 -9.484620e+00 -1.560652e-03 -9.505752e+00 
-1.104689e+01 -9.195377e+00 -8.961166e+00 -8.859948e+00 -8.765128e+00 -8.670005e+00 -8.601985e+00 -8.571370e+00 -8.572604e+00 -8.583904e+00 -8.584861e+00 -8.631087e+00 -8.787563e+00 -8.994321e+00 -9.208288e+00 -2.256002e-03 

# Emission Probabilities
-2.097574e-05 -1.113132e+01 
-5.489698e-04 -7.522074e+00 
-8.121752e-04 -7.126959e+00 
-1.068473e-03 -6.850082e+00 
-1.398773e-03 -6.577660e+00 
-1.796840e-03 -6.324462e+00 
-2.205019e-03 -6.118667e+00 
-2.656513e-03 -5.932409e+00 
-3.349613e-03 -5.700981e+00 
-4.471728e-03 -5.412469e+00 
-5.610818e-03 -5.186190e+00 
-6.467880e-03 -5.044769e+00 
-7.357776e-03 -4.916572e+00 
-8.520150e-03 -4.770878e+00 
-1.030971e-02 -4.581513e+00 
-1.758680e-02 -4.050699e+00 
