# Initial probabilities
-1.746716e+00
-1.844610e+00
-1.964920e+00
-2.139919e+00
-2.382921e+00
-2.675693e+00
-2.990822e+00
-3.301045e+00
-3.584220e+00
-3.828404e+00
-4.033425e+00
-4.206931e+00
-4.358584e+00
-4.496454e+00
-4.626186e+00
-4.751580e+00
-4.875419e+00
-5.000140e+00
-5.128387e+00
-5.263632e+00
-5.411317e+00
-5.581876e+00
-5.802978e+00
-6.400265e+00

# Transition Probabilities
-2.177380e-04 -1.028497e+01 -1.047070e+01 -1.065452e+01 -1.083750e+01 -1.101632e+01 -1.118712e+01 -1.134840e+01 -1.150089e+01 -1.164609e+01 -1.178549e+01 -1.192032e+01 -1.205162e+01 -1.218036e+01 -1.230757e+01 -1.243441e+01 -1.256217e+01 -1.269246e+01 -1.282735e+01 -1.296993e+01 -1.312533e+01 -1.330388e+01 -1.353358e+01 -1.414552e+01 
-9.879867e+00 -2.829469e-04 -1.025891e+01 -1.042566e+01 -1.059671e+01 -1.077089e+01 -1.094197e+01 -1.110573e+01 -1.126117e+01 -1.140903e+01 -1.155053e+01 -1.168690e+01 -1.181925e+01 -1.194865e+01 -1.207623e+01 -1.220326e+01 -1.233113e+01 -1.246157e+01 -1.259679e+01 -1.273999e+01 -1.289648e+01 -1.307676e+01 -1.330917e+01 -1.392825e+01 
-9.716211e+00 -9.921713e+00 -3.481326e-04 -1.023748e+01 -1.039841e+01 -1.056867e+01 -1.074021e+01 -1.090647e+01 -1.106489e+01 -1.121548e+01 -1.135922e+01 -1.149733e+01 -1.163100e+01 -1.176140e+01 -1.188971e+01 -1.201725e+01 -1.214547e+01 -1.227614e+01 -1.241153e+01 -1.255492e+01 -1.271171e+01 -1.289253e+01 -1.312595e+01 -1.374851e+01 
-9.570030e+00 -9.779694e+00 -9.939752e+00 -4.106265e-04 -1.024131e+01 -1.041018e+01 -1.058290e+01 -1.075164e+01 -1.091285e+01 -1.106601e+01 -1.121192e+01 -1.135179e+01 -1.148683e+01 -1.161828e+01 -1.174736e+01 -1.187542e+01 -1.200394e+01 -1.213471e+01 -1.227006e+01 -1.241332e+01 -1.256997e+01 -1.275070e+01 -1.298423e+01 -1.360804e+01 
-9.408441e+00 -9.623154e+00 -9.784206e+00 -9.929147e+00 -4.855433e-04 -1.025526e+01 -1.042982e+01 -1.060070e+01 -1.076399e+01 -1.091899e+01 -1.106643e+01 -1.120753e+01 -1.134356e+01 -1.147577e+01 -1.160543e+01 -1.173388e+01 -1.186262e+01 -1.199347e+01 -1.212877e+01 -1.227191e+01 -1.242839e+01 -1.260898e+01 -1.284246e+01 -1.346682e+01 
-9.222029e+00 -9.440971e+00 -9.605110e+00 -9.753366e+00 -9.912696e+00 -5.853601e-04 -1.026218e+01 -1.043482e+01 -1.059949e+01 -1.075554e+01 -1.090380e+01 -1.104553e+01 -1.118206e+01 -1.131467e+01 -1.144464e+01 -1.157331e+01 -1.170221e+01 -1.183313e+01 -1.196845e+01 -1.211155e+01 -1.226798e+01 -1.244852e+01 -1.268201e+01 -1.330672e+01 
-9.023173e+00 -9.245414e+00 -9.413322e+00 -9.566490e+00 -9.730349e+00 -9.906457e+00 -7.127056e-04 -1.025959e+01 -1.042512e+01 -1.058167e+01 -1.073023e+01 -1.087215e+01 -1.100882e+01 -1.114157e+01 -1.127166e+01 -1.140045e+01 -1.152943e+01 -1.166043e+01 -1.179580e+01 -1.193894e+01 -1.209540e+01 -1.227598e+01 -1.250952e+01 -1.313442e+01 
-8.826748e+00 -9.051532e+00 -9.223042e+00 -9.381260e+00 -9.549795e+00 -9.729308e+00 -9.910474e+00 -8.647567e-04 -1.025172e+01 -1.040846e+01 -1.055704e+01 -1.069892e+01 -1.083557e+01 -1.096831e+01 -1.109844e+01 -1.122728e+01 -1.135635e+01 -1.148743e+01 -1.162289e+01 -1.176611e+01 -1.192266e+01 -1.210333e+01 -1.233696e+01 -1.296192e+01 
-8.641297e+00 -8.867987e+00 -9.042462e+00 -9.205104e+00 -9.377831e+00 -9.560388e+00 -9.743366e+00 -9.919462e+00 -1.037868e-03 -1.024262e+01 -1.039112e+01 -1.053291e+01 -1.066949e+01 -1.080221e+01 -1.093236e+01 -1.106127e+01 -1.119042e+01 -1.132162e+01 -1.145720e+01 -1.160056e+01 -1.175724e+01 -1.193804e+01 -1.217179e+01 -1.279677e+01 
-8.469074e+00 -8.697198e+00 -8.873842e+00 -9.039999e+00 -9.216193e+00 -9.401300e+00 -9.585789e+00 -9.762610e+00 -9.929245e+00 -1.230052e-03 -1.023446e+01 -1.037618e+01 -1.051273e+01 -1.064547e+01 -1.077568e+01 -1.090469e+01 -1.103397e+01 -1.116532e+01 -1.130106e+01 -1.144460e+01 -1.160146e+01 -1.178243e+01 -1.201632e+01 -1.264135e+01 
-8.308716e+00 -8.538033e+00 -8.716116e+00 -8.884881e+00 -9.063793e+00 -9.250958e+00 -9.436685e+00 -9.614115e+00 -9.780984e+00 -9.937831e+00 -1.441673e-03 -1.022797e+01 -1.036456e+01 -1.049737e+01 -1.062769e+01 -1.075684e+01 -1.088628e+01 -1.101780e+01 -1.115374e+01 -1.129747e+01 -1.145454e+01 -1.163571e+01 -1.186979e+01 -1.249492e+01 
-8.157602e+00 -8.388113e+00 -8.567075e+00 -8.737672e+00 -8.918637e+00 -9.107417e+00 -9.294153e+00 -9.472116e+00 -9.639233e+00 -9.796192e+00 -9.944683e+00 -1.675053e-03 -1.022317e+01 -1.035610e+01 -1.048657e+01 -1.061588e+01 -1.074550e+01 -1.087722e+01 -1.101336e+01 -1.115731e+01 -1.131460e+01 -1.149600e+01 -1.173029e+01 -1.235562e+01 
-8.013170e+00 -8.245059e+00 -8.424532e+00 -8.596356e+00 -8.778818e+00 -8.968839e+00 -9.156395e+00 -9.334832e+00 -9.502216e+00 -9.659345e+00 -9.807973e+00 -9.949912e+00 -1.933791e-03 -1.021984e+01 -1.035047e+01 -1.047996e+01 -1.060977e+01 -1.074167e+01 -1.087803e+01 -1.102220e+01 -1.117972e+01 -1.136136e+01 -1.159589e+01 -1.222153e+01 
-7.873363e+00 -8.106902e+00 -8.286676e+00 -8.459279e+00 -8.642794e+00 -8.833743e+00 -9.021955e+00 -9.200816e+00 -9.368479e+00 -9.525818e+00 -9.674632e+00 -9.816750e+00 -9.953759e+00 -2.222381e-03 -1.021784e+01 -1.034751e+01 -1.047750e+01 -1.060960e+01 -1.074616e+01 -1.089056e+01 -1.104832e+01 -1.123022e+01 -1.146501e+01 -1.209105e+01 
-7.736550e+00 -7.972002e+00 -8.151980e+00 -8.325040e+00 -8.509257e+00 -8.700872e+00 -8.889598e+00 -9.068830e+00 -9.236775e+00 -9.394348e+00 -9.543377e+00 -9.685699e+00 -9.822903e+00 -9.956362e+00 -2.546379e-03 -1.021720e+01 -1.034737e+01 -1.047967e+01 -1.061644e+01 -1.076107e+01 -1.091908e+01 -1.110124e+01 -1.133633e+01 -1.196286e+01 
-7.601270e+00 -7.838805e+00 -8.018952e+00 -8.192244e+00 -8.376883e+00 -8.568947e+00 -8.758061e+00 -8.937614e+00 -9.105831e+00 -9.263651e+00 -9.412912e+00 -9.555453e+00 -9.692864e+00 -9.826517e+00 -9.957695e+00 -2.913146e-03 -1.021809e+01 -1.035059e+01 -1.048758e+01 -1.063245e+01 -1.079072e+01 -1.097315e+01 -1.120854e+01 -1.183564e+01 
-7.465955e+00 -7.705597e+00 -7.885904e+00 -8.059271e+00 -8.244114e+00 -8.436446e+00 -8.625839e+00 -8.805663e+00 -8.974140e+00 -9.132213e+00 -9.281717e+00 -9.424491e+00 -9.562120e+00 -9.695978e+00 -9.827352e+00 -9.957575e+00 -3.333127e-03 -1.022086e+01 -1.035809e+01 -1.050322e+01 -1.066176e+01 -1.084448e+01 -1.108019e+01 -1.170791e+01 
-7.328716e+00 -7.570308e+00 -7.750767e+00 -7.924100e+00 -8.108978e+00 -8.301431e+00 -8.491014e+00 -8.671067e+00 -8.839793e+00 -8.998123e+00 -9.147883e+00 -9.290904e+00 -9.428767e+00 -9.562848e+00 -9.694438e+00 -9.824877e+00 -9.955670e+00 -3.821804e-03 -1.022612e+01 -1.037152e+01 -1.053035e+01 -1.071337e+01 -1.094941e+01 -1.157778e+01 
-7.187114e+00 -7.430294e+00 -7.610878e+00 -7.784104e+00 -7.968891e+00 -8.161353e+00 -8.351055e+00 -8.531305e+00 -8.700275e+00 -8.858871e+00 -9.008903e+00 -9.152192e+00 -9.290313e+00 -9.424641e+00 -9.556475e+00 -9.687160e+00 -9.818209e+00 -9.951439e+00 -4.402935e-03 -1.023491e+01 -1.039404e+01 -1.057738e+01 -1.081375e+01 -1.144278e+01 
-7.037747e+00 -7.281923e+00 -7.462569e+00 -7.635638e+00 -7.820243e+00 -8.012631e+00 -8.202404e+00 -8.382834e+00 -8.552051e+00 -8.710930e+00 -8.861260e+00 -9.004845e+00 -9.143255e+00 -9.277866e+00 -9.409978e+00 -9.540946e+00 -9.672286e+00 -9.805820e+00 -9.943906e+00 -5.114933e-03 -1.024938e+01 -1.043303e+01 -1.066973e+01 -1.129943e+01 
-6.875252e+00 -7.119528e+00 -7.300117e+00 -7.472987e+00 -7.657347e+00 -7.849609e+00 -8.039426e+00 -8.220036e+00 -8.389517e+00 -8.548708e+00 -8.699369e+00 -8.843291e+00 -8.982032e+00 -9.116968e+00 -9.249403e+00 -9.380697e+00 -9.512370e+00 -9.646245e+00 -9.784678e+00 -9.931041e+00 -6.025905e-03 -1.027482e+01 -1.051185e+01 -1.114224e+01 
-6.689315e+00 -6.932304e+00 -7.112608e+00 -7.285224e+00 -7.469291e+00 -7.661398e+00 -7.851261e+00 -8.032071e+00 -8.201854e+00 -8.361404e+00 -8.512452e+00 -8.656767e+00 -8.795900e+00 -8.931221e+00 -9.064038e+00 -9.195715e+00 -9.327774e+00 -9.462038e+00 -9.600859e+00 -9.747602e+00 -9.907759e+00 -7.277904e-03 -1.032947e+01 -1.096066e+01 
-6.452065e+00 -6.691263e+00 -6.870793e+00 -7.043034e+00 -7.226759e+00 -7.418710e+00 -7.608655e+00 -7.789734e+00 -7.959903e+00 -8.119908e+00 -8.271445e+00 -8.416260e+00 -8.555889e+00 -8.691700e+00 -8.825002e+00 -8.957159e+00 -9.089698e+00 -9.224437e+00 -9.363724e+00 -9.510918e+00 -9.671505e+00 -9.856250e+00 -9.278489e-03 -1.072635e+01 
-5.827636e+00 -6.050980e+00 -6.227233e+00 -6.398581e+00 -6.581976e+00 -6.774060e+00 -6.964552e+00 -7.146458e+00 -7.317626e+00 -7.478730e+00 -7.631415e+00 -7.777389e+00 -7.918170e+00 -8.055114e+00 -8.189530e+00 -8.322786e+00 -8.456407e+00 -8.592211e+00 -8.732543e+00 -8.880762e+00 -9.042370e+00 -9.228183e+00 -9.467304e+00 -1.768244e-02 

# Emission Probabilities
-7.361776e-05 -9.516661e+00 
-2.331178e-04 -8.364083e+00 
-3.986217e-04 -7.827697e+00 
-5.425211e-04 -7.519555e+00 
-6.558182e-04 -7.329955e+00 
-7.487734e-04 -7.197448e+00 
-8.354910e-04 -7.087909e+00 
-9.243755e-04 -6.986854e+00 
-1.018229e-03 -6.890200e+00 
-1.117021e-03 -6.797648e+00 
-1.220273e-03 -6.709291e+00 
-1.328204e-03 -6.624592e+00 
-1.441901e-03 -6.542514e+00 
-1.563083e-03 -6.461877e+00 
-1.693903e-03 -6.381567e+00 
-1.837012e-03 -6.300533e+00 
-1.995915e-03 -6.217650e+00 
-2.175654e-03 -6.131514e+00 
-2.383977e-03 -6.040177e+00 
-2.633550e-03 -5.940739e+00 
-2.946971e-03 -5.828451e+00 
-3.371288e-03 -5.694146e+00 
-4.040781e-03 -5.513337e+00 
-6.843473e-03 -4.987880e+00 
