# Initial probabilities
1.599687e-03
-1.281611e+02
-2.241071e+02
-2.879875e+02
-3.348180e+02
-3.682886e+02
-3.964965e+02
-4.225285e+02
-4.468146e+02
-4.694940e+02
-4.906223e+02
-5.102084e+02
-5.283735e+02
-5.454454e+02
-5.617410e+02
-5.774250e+02
-5.926454e+02
-6.076243e+02
-6.226563e+02
-6.381147e+02
-6.545031e+02
-6.725949e+02
-6.938296e+02
-7.218473e+02

# Transition Probabilities
0.000000e+00 -1.245537e+02 -1.999857e+02 -2.495779e+02 -2.856962e+02 -3.115593e+02 -3.333536e+02 -3.533769e+02 -3.719987e+02 -3.893702e+02 -4.055542e+02 -4.205677e+02 -4.345076e+02 -4.476153e+02 -4.601197e+02 -4.721452e+02 -4.838091e+02 -4.952838e+02 -5.067955e+02 -5.186283e+02 -5.311640e+02 -5.449876e+02 -5.611875e+02 -5.825169e+02 
0.000000e+00 -1.052721e+02 -2.074749e+02 -2.570392e+02 -2.931241e+02 -3.189265e+02 -3.406768e+02 -3.606717e+02 -3.792749e+02 -3.966333e+02 -4.128058e+02 -4.278074e+02 -4.417343e+02 -4.548278e+02 -4.673171e+02 -4.793258e+02 -4.909709e+02 -5.024256e+02 -5.139163e+02 -5.257276e+02 -5.382416e+02 -5.520432e+02 -5.682206e+02 -5.895266e+02 
0.000000e+00 -1.253099e+02 -2.014903e+02 -2.803529e+02 -3.175641e+02 -3.434579e+02 -3.652348e+02 -3.852482e+02 -4.038508e+02 -4.211939e+02 -4.373433e+02 -4.523188e+02 -4.662200e+02 -4.792916e+02 -4.917650e+02 -5.037630e+02 -5.153997e+02 -5.268458e+02 -5.383265e+02 -5.501259e+02 -5.626262e+02 -5.764123e+02 -5.925727e+02 -6.138598e+02 
0.000000e+00 -1.255750e+02 -2.217523e+02 -2.652776e+02 -3.299991e+02 -3.578086e+02 -3.803947e+02 -4.008368e+02 -4.197050e+02 -4.372061e+02 -4.534259e+02 -4.684179e+02 -4.823089e+02 -4.953588e+02 -5.078059e+02 -5.197759e+02 -5.313851e+02 -5.428051e+02 -5.542616e+02 -5.660390e+02 -5.785189e+02 -5.922863e+02 -6.084290e+02 -6.296989e+02 
0.000000e+00 -1.257714e+02 -2.216949e+02 -2.857823e+02 -3.124370e+02 -3.655166e+02 -3.901263e+02 -4.114432e+02 -4.308432e+02 -4.486499e+02 -4.650907e+02 -4.802513e+02 -4.942587e+02 -5.073855e+02 -5.198842e+02 -5.318878e+02 -5.435175e+02 -5.549490e+02 -5.664111e+02 -5.781905e+02 -5.906704e+02 -6.044367e+02 -6.205778e+02 -6.418460e+02 
0.000000e+00 -1.259371e+02 -2.218021e+02 -2.860269e+02 -3.329808e+02 -3.463700e+02 -3.944827e+02 -4.178035e+02 -4.379994e+02 -4.562996e+02 -4.730339e+02 -4.883718e+02 -5.025207e+02 -5.157641e+02 -5.283495e+02 -5.404110e+02 -5.520764e+02 -5.635294e+02 -5.750050e+02 -5.867936e+02 -5.992808e+02 -6.130541e+02 -6.292032e+02 -6.504811e+02 
0.000000e+00 -1.260497e+02 -2.219084e+02 -2.861703e+02 -3.331266e+02 -3.667168e+02 -3.747519e+02 -4.207318e+02 -4.428216e+02 -4.619045e+02 -4.790847e+02 -4.947241e+02 -5.090453e+02 -5.224138e+02 -5.351109e+02 -5.472703e+02 -5.590134e+02 -5.705236e+02 -5.820396e+02 -5.938574e+02 -6.063673e+02 -6.201606e+02 -6.363302e+02 -6.576325e+02 
0.000000e+00 -1.261199e+02 -2.219795e+02 -2.862436e+02 -3.331762e+02 -3.667642e+02 -3.950053e+02 -4.008214e+02 -4.450955e+02 -4.659993e+02 -4.839755e+02 -5.000266e+02 -5.146521e+02 -5.282072e+02 -5.410259e+02 -5.532877e+02 -5.651266e+02 -5.767223e+02 -5.883091e+02 -6.001821e+02 -6.127348e+02 -6.265633e+02 -6.427665e+02 -6.641077e+02 
0.000000e+00 -1.261593e+02 -2.220260e+02 -2.862789e+02 -3.331834e+02 -3.667655e+02 -3.950256e+02 -4.210445e+02 -4.251006e+02 -4.677999e+02 -4.875213e+02 -5.043723e+02 -5.193901e+02 -5.332403e+02 -5.462660e+02 -5.586562e+02 -5.705909e+02 -5.822753e+02 -5.939484e+02 -6.059008e+02 -6.185212e+02 -6.324054e+02 -6.486571e+02 -6.700497e+02 
0.000000e+00 -1.261788e+02 -2.220596e+02 -2.862950e+02 -3.331701e+02 -3.667467e+02 -3.950192e+02 -4.210592e+02 -4.453110e+02 -4.477585e+02 -4.889358e+02 -5.074531e+02 -5.232640e+02 -5.375160e+02 -5.508205e+02 -5.634317e+02 -5.755093e+02 -5.872898e+02 -5.990457e+02 -6.110817e+02 -6.237860e+02 -6.377482e+02 -6.540675e+02 -6.755235e+02 
0.000000e+00 -1.261873e+02 -2.220898e+02 -2.863040e+02 -3.331487e+02 -3.667202e+02 -3.950023e+02 -4.210584e+02 -4.453295e+02 -4.679686e+02 -4.688729e+02 -5.085403e+02 -5.259328e+02 -5.409658e+02 -5.547016e+02 -5.675758e+02 -5.798760e+02 -5.918152e+02 -6.036738e+02 -6.157904e+02 -6.285761e+02 -6.426260e+02 -6.590329e+02 -6.805695e+02 
0.000000e+00 -1.261929e+02 -2.221250e+02 -2.863161e+02 -3.331292e+02 -3.666960e+02 -3.949862e+02 -4.210553e+02 -4.453424e+02 -4.679995e+02 -4.890930e+02 -4.884724e+02 -5.267523e+02 -5.432692e+02 -5.577708e+02 -5.711021e+02 -5.836566e+02 -5.958107e+02 -6.078388e+02 -6.200669e+02 -6.329344e+02 -6.470663e+02 -6.635679e+02 -6.852053e+02 
0.000000e+00 -1.262022e+02 -2.221715e+02 -2.863383e+02 -3.331194e+02 -3.666813e+02 -3.949782e+02 -4.210584e+02 -4.453590e+02 -4.680311e+02 -4.891407e+02 -5.087066e+02 -5.066867e+02 -5.438971e+02 -5.597709e+02 -5.738513e+02 -5.868748e+02 -5.992834e+02 -6.115171e+02 -6.239204e+02 -6.369070e+02 -6.511239e+02 -6.677141e+02 -6.894631e+02 
0.000000e+00 -1.262148e+02 -2.222296e+02 -2.863715e+02 -3.331210e+02 -3.666778e+02 -3.949801e+02 -4.210695e+02 -4.453812e+02 -4.680656e+02 -4.891881e+02 -5.087669e+02 -5.269299e+02 -5.238326e+02 -5.602769e+02 -5.756206e+02 -5.893858e+02 -6.022679e+02 -6.147639e+02 -6.273691e+02 -6.405363e+02 -6.548782e+02 -6.715599e+02 -6.934189e+02 
0.000000e+00 -1.262250e+02 -2.222929e+02 -2.864107e+02 -3.331302e+02 -3.666822e+02 -3.949888e+02 -4.210856e+02 -4.454063e+02 -4.681006e+02 -4.892333e+02 -5.088219e+02 -5.269945e+02 -5.440778e+02 -5.402110e+02 -5.760478e+02 -5.909829e+02 -6.046119e+02 -6.175852e+02 -6.304631e+02 -6.438359e+02 -6.583662e+02 -6.751767e+02 -6.971448e+02 
0.000000e+00 -1.262300e+02 -2.223541e+02 -2.864500e+02 -3.331430e+02 -3.666908e+02 -3.950010e+02 -4.211040e+02 -4.454321e+02 -4.681343e+02 -4.892747e+02 -5.088709e+02 -5.270508e+02 -5.441421e+02 -5.604557e+02 -5.559796e+02 -5.913556e+02 -6.060818e+02 -6.198104e+02 -6.331700e+02 -6.468224e+02 -6.615693e+02 -6.785759e+02 -7.006770e+02 
0.000000e+00 -1.262307e+02 -2.224102e+02 -2.864867e+02 -3.331577e+02 -3.667021e+02 -3.950154e+02 -4.211236e+02 -4.454577e+02 -4.681662e+02 -4.893127e+02 -5.089146e+02 -5.271000e+02 -5.441975e+02 -5.605187e+02 -5.762228e+02 -5.712843e+02 -6.064202e+02 -6.212078e+02 -6.353283e+02 -6.494690e+02 -6.644970e+02 -6.817425e+02 -7.040412e+02 
0.000000e+00 -1.262287e+02 -2.224609e+02 -2.865210e+02 -3.331739e+02 -3.667156e+02 -3.950317e+02 -4.211442e+02 -4.454832e+02 -4.681967e+02 -4.893481e+02 -5.089543e+02 -5.271439e+02 -5.442457e+02 -5.605726e+02 -5.762841e+02 -5.915251e+02 -5.863450e+02 -6.215335e+02 -6.367261e+02 -6.516310e+02 -6.671561e+02 -6.846872e+02 -7.072599e+02 
0.000000e+00 -1.262250e+02 -2.225071e+02 -2.865534e+02 -3.331914e+02 -3.667311e+02 -3.950495e+02 -4.211657e+02 -4.455087e+02 -4.682263e+02 -4.893814e+02 -5.089909e+02 -5.271834e+02 -5.442884e+02 -5.606193e+02 -5.763359e+02 -5.915837e+02 -6.065825e+02 -6.014545e+02 -6.370665e+02 -6.531219e+02 -6.694184e+02 -6.874477e+02 -7.103473e+02 
0.000000e+00 -1.262199e+02 -2.225495e+02 -2.865841e+02 -3.332099e+02 -3.667479e+02 -3.950684e+02 -4.211877e+02 -4.455341e+02 -4.682548e+02 -4.894128e+02 -5.090248e+02 -5.272193e+02 -5.443265e+02 -5.606600e+02 -5.763802e+02 -5.916327e+02 -6.066379e+02 -6.216884e+02 -6.169848e+02 -6.535209e+02 -6.711178e+02 -6.899488e+02 -7.133348e+02 
0.000000e+00 -1.262128e+02 -2.225886e+02 -2.866133e+02 -3.332287e+02 -3.667654e+02 -3.950879e+02 -4.212098e+02 -4.455590e+02 -4.682823e+02 -4.894425e+02 -5.090563e+02 -5.272522e+02 -5.443608e+02 -5.606959e+02 -5.764184e+02 -5.916741e+02 -6.066837e+02 -6.217404e+02 -6.372155e+02 -6.334392e+02 -6.716667e+02 -6.920062e+02 -7.162595e+02 
0.000000e+00 -1.262025e+02 -2.226245e+02 -2.866407e+02 -3.332473e+02 -3.667830e+02 -3.951073e+02 -4.212315e+02 -4.455831e+02 -4.683086e+02 -4.894705e+02 -5.090854e+02 -5.272822e+02 -5.443915e+02 -5.607276e+02 -5.764515e+02 -5.917092e+02 -6.067219e+02 -6.217832e+02 -6.372647e+02 -6.536675e+02 -6.515906e+02 -6.929316e+02 -7.189600e+02 
0.000000e+00 -1.261865e+02 -2.226568e+02 -2.866657e+02 -3.332646e+02 -3.667998e+02 -3.951259e+02 -4.212524e+02 -4.456060e+02 -4.683333e+02 -4.894964e+02 -5.091121e+02 -5.273093e+02 -5.444189e+02 -5.607553e+02 -5.764798e+02 -5.917388e+02 -6.067536e+02 -6.218180e+02 -6.373043e+02 -6.537140e+02 -6.718173e+02 -6.728771e+02 -7.208628e+02 
0.000000e+00 -1.261584e+02 -2.226834e+02 -2.866864e+02 -3.332787e+02 -3.668142e+02 -3.951427e+02 -4.212714e+02 -4.456269e+02 -4.683555e+02 -4.895195e+02 -5.091355e+02 -5.273326e+02 -5.444419e+02 -5.607781e+02 -5.765027e+02 -5.917622e+02 -6.067781e+02 -6.218446e+02 -6.373343e+02 -6.537493e+02 -6.718605e+02 -6.931027e+02 -7.009334e+02 

# Emission Probabilities
-1.040121e+00 -4.605570e+00 
-1.053669e+02 -1.296740e-13 
-1.809204e+02 0.000000e+00 
-2.305334e+02 0.000000e+00 
-2.666610e+02 0.000000e+00 
-2.925251e+02 0.000000e+00 
-3.143196e+02 0.000000e+00 
-3.343441e+02 0.000000e+00 
-3.529677e+02 0.000000e+00 
-3.703408e+02 0.000000e+00 
-3.865259e+02 0.000000e+00 
-4.015402e+02 0.000000e+00 
-4.154805e+02 0.000000e+00 
-4.285884e+02 0.000000e+00 
-4.410931e+02 0.000000e+00 
-4.531188e+02 0.000000e+00 
-4.647828e+02 0.000000e+00 
-4.762578e+02 0.000000e+00 
-4.877696e+02 0.000000e+00 
-4.996026e+02 0.000000e+00 
-5.121385e+02 0.000000e+00 
-5.259623e+02 0.000000e+00 
-5.421626e+02 0.000000e+00 
-5.634928e+02 0.000000e+00 
