# Initial probabilities
-7.524662e+00
-7.444502e+00
-7.380762e+00
-7.331969e+00
-7.296928e+00
-7.274604e+00
-7.264001e+00
-7.264044e+00
-7.273442e+00
-7.290566e+00
-7.313305e+00
-7.338931e+00
-7.363952e+00
-7.383966e+00
-7.393530e+00
-7.386103e+00
-7.354246e+00
-7.290658e+00
-7.191756e+00
-7.068812e+00
-6.982325e+00
-7.156796e+00
-8.332924e+00
-1.588219e+00

# Transition Probabilities
-3.420293e-02 -2.016664e+01 -2.012769e+01 -2.008702e+01 -2.004456e+01 -2.000022e+01 -1.995388e+01 -1.990546e+01 -1.985493e+01 -1.980230e+01 -1.974764e+01 -1.969110e+01 -1.963283e+01 -1.957300e+01 -1.951175e+01 -1.944922e+01 -1.938554e+01 -1.932080e+01 -1.925497e+01 -1.918687e+01 -1.911000e+01 -1.899561e+01 -1.864289e+01 -8.305953e+00 
-2.023688e+01 -3.270721e-02 -2.016556e+01 -2.012675e+01 -2.008594e+01 -2.004312e+01 -1.999824e+01 -1.995130e+01 -1.990230e+01 -1.985131e+01 -1.979845e+01 -1.974389e+01 -1.968782e+01 -1.963042e+01 -1.957187e+01 -1.951232e+01 -1.945189e+01 -1.939070e+01 -1.932866e+01 -1.926444e+01 -1.919124e+01 -1.907932e+01 -1.872354e+01 -8.396818e+00 
-2.026758e+01 -2.023557e+01 -3.128031e-02 -2.016386e+01 -2.012460e+01 -2.008318e+01 -2.003965e+01 -1.999405e+01 -1.994645e+01 -1.989697e+01 -1.984577e+01 -1.979306e+01 -1.973907e+01 -1.968402e+01 -1.962811e+01 -1.957152e+01 -1.951440e+01 -1.945689e+01 -1.939890e+01 -1.933902e+01 -1.927014e+01 -1.916161e+01 -1.880413e+01 -8.487766e+00 
-2.029702e+01 -2.026749e+01 -2.023485e+01 -2.990184e-02 -2.016174e+01 -2.012167e+01 -2.007942e+01 -2.003509e+01 -1.998881e+01 -1.994075e+01 -1.989114e+01 -1.984021e+01 -1.978824e+01 -1.973549e+01 -1.968220e+01 -1.962859e+01 -1.957487e+01 -1.952120e+01 -1.946752e+01 -1.941238e+01 -1.934842e+01 -1.924412e+01 -1.888608e+01 -8.579904e+00 
-2.032587e+01 -2.029878e+01 -2.026814e+01 -2.023450e+01 -2.855864e-02 -2.015942e+01 -2.011841e+01 -2.007532e+01 -2.003033e+01 -1.998367e+01 -1.993561e+01 -1.988643e+01 -1.983647e+01 -1.978602e+01 -1.973537e+01 -1.968480e+01 -1.963457e+01 -1.958491e+01 -1.953581e+01 -1.948582e+01 -1.942736e+01 -1.932803e+01 -1.897039e+01 -8.674079e+00 
-2.035443e+01 -2.032977e+01 -2.030113e+01 -2.026916e+01 -2.023430e+01 -2.724432e-02 -2.015710e+01 -2.011524e+01 -2.007155e+01 -2.002629e+01 -1.997978e+01 -1.993237e+01 -1.988443e+01 -1.983631e+01 -1.978837e+01 -1.974092e+01 -1.969431e+01 -1.964886e+01 -1.960462e+01 -1.956018e+01 -1.950777e+01 -1.941411e+01 -1.905768e+01 -8.770812e+00 
-2.038268e+01 -2.036044e+01 -2.033381e+01 -2.030354e+01 -2.027016e+01 -2.023406e+01 -2.595834e-02 -2.015499e+01 -2.011261e+01 -2.006878e+01 -2.002387e+01 -1.997827e+01 -1.993240e+01 -1.988668e+01 -1.984152e+01 -1.979731e+01 -1.975448e+01 -1.971344e+01 -1.967436e+01 -1.963586e+01 -1.959005e+01 -1.950272e+01 -1.914824e+01 -8.870279e+00 
-2.041027e+01 -2.039047e+01 -2.036586e+01 -2.033732e+01 -2.030546e+01 -2.027075e+01 -2.023359e+01 -2.470490e-02 -2.015332e+01 -2.011098e+01 -2.006772e+01 -2.002399e+01 -1.998028e+01 -1.993704e+01 -1.989477e+01 -1.985393e+01 -1.981505e+01 -1.977865e+01 -1.974502e+01 -1.971288e+01 -1.967420e+01 -1.959385e+01 -1.924196e+01 -8.972295e+00 
-2.043655e+01 -2.041919e+01 -2.039664e+01 -2.036987e+01 -2.033958e+01 -2.030632e+01 -2.027054e+01 -2.023266e+01 -2.349170e-02 -2.015233e+01 -2.011080e+01 -2.006904e+01 -2.002757e+01 -1.998693e+01 -1.994767e+01 -1.991035e+01 -1.987561e+01 -1.984409e+01 -1.981623e+01 -1.979086e+01 -1.975983e+01 -1.968707e+01 -1.933841e+01 -9.076326e+00 
-2.046055e+01 -2.044564e+01 -2.042518e+01 -2.040022e+01 -2.037156e+01 -2.033982e+01 -2.030550e+01 -2.026909e+01 -2.023107e+01 -2.232864e-02 -2.015225e+01 -2.011254e+01 -2.007343e+01 -2.003551e+01 -1.999940e+01 -1.996578e+01 -1.993537e+01 -1.990899e+01 -1.988722e+01 -1.986902e+01 -1.984618e+01 -1.978164e+01 -1.943683e+01 -9.181516e+00 
-2.048103e+01 -2.046857e+01 -2.045022e+01 -2.042713e+01 -2.040016e+01 -2.037000e+01 -2.033723e+01 -2.030238e+01 -2.026598e+01 -2.022861e+01 -2.122640e-02 -2.015332e+01 -2.011668e+01 -2.008161e+01 -2.004881e+01 -2.001905e+01 -1.999319e+01 -1.997220e+01 -1.995686e+01 -1.994626e+01 -1.993215e+01 -1.987646e+01 -1.953619e+01 -9.286749e+00 
-2.049646e+01 -2.048644e+01 -2.047022e+01 -2.044903e+01 -2.042381e+01 -2.039531e+01 -2.036415e+01 -2.033095e+01 -2.029628e+01 -2.026077e+01 -2.022505e+01 -2.019527e-02 -2.015578e+01 -2.012370e+01 -2.009437e+01 -2.006866e+01 -2.004758e+01 -2.003227e+01 -2.002369e+01 -2.002114e+01 -2.001631e+01 -1.997014e+01 -1.963519e+01 -9.390730e+00 
-2.050502e+01 -2.049741e+01 -2.048332e+01 -2.046406e+01 -2.044063e+01 -2.041385e+01 -2.038440e+01 -2.035293e+01 -2.032009e+01 -2.028654e+01 -2.025298e+01 -2.022016e+01 -1.924413e-02 -2.015992e+01 -2.013423e+01 -2.011277e+01 -2.009671e+01 -2.008736e+01 -2.008593e+01 -2.009190e+01 -2.009695e+01 -2.006103e+01 -1.973235e+01 -9.492082e+00 
-2.050454e+01 -2.049928e+01 -2.048731e+01 -2.046999e+01 -2.044839e+01 -2.042338e+01 -2.039570e+01 -2.036605e+01 -2.033513e+01 -2.030364e+01 -2.027235e+01 -2.024207e+01 -2.021364e+01 -1.838017e-02 -2.016612e+01 -2.014912e+01 -2.013834e+01 -2.013529e+01 -2.014141e+01 -2.015643e+01 -2.017204e+01 -2.014724e+01 -1.982604e+01 -9.589425e+00 
-2.049241e+01 -2.048941e+01 -2.047949e+01 -2.046409e+01 -2.044434e+01 -2.042113e+01 -2.039528e+01 -2.036752e+01 -2.033859e+01 -2.030926e+01 -2.028034e+01 -2.025272e+01 -2.022730e+01 -2.020510e+01 -1.760906e-02 -2.017493e+01 -2.016971e+01 -2.017333e+01 -2.018749e+01 -2.021219e+01 -2.023917e+01 -2.022653e+01 -1.991442e+01 -9.681418e+00 
-2.046533e+01 -2.046442e+01 -2.045645e+01 -2.044291e+01 -2.042497e+01 -2.040357e+01 -2.037956e+01 -2.035373e+01 -2.032685e+01 -2.029976e+01 -2.027331e+01 -2.024844e+01 -2.022616e+01 -2.020758e+01 -2.019390e+01 -1.693612e-02 -2.018724e+01 -2.019796e+01 -2.022075e+01 -2.025589e+01 -2.029526e+01 -2.029618e+01 -1.999532e+01 -9.766725e+00 
-2.041891e+01 -2.041985e+01 -2.041363e+01 -2.040181e+01 -2.038557e+01 -2.036592e+01 -2.034372e+01 -2.031981e+01 -2.029501e+01 -2.027018e+01 -2.024625e+01 -2.022423e+01 -2.020521e+01 -2.019038e+01 -2.018112e+01 -2.017901e+01 -1.636827e-02 -2.020436e+01 -2.023649e+01 -2.028308e+01 -2.033616e+01 -2.035253e+01 -2.006601e+01 -9.843878e+00 
-2.034727e+01 -2.034961e+01 -2.034480e+01 -2.033440e+01 -2.031965e+01 -2.030157e+01 -2.028105e+01 -2.025896e+01 -2.023616e+01 -2.021356e+01 -2.019214e+01 -2.017299e+01 -2.015729e+01 -2.014635e+01 -2.014170e+01 -2.014514e+01 -2.015886e+01 -1.591711e-02 -2.022796e+01 -2.028729e+01 -2.035591e+01 -2.039040e+01 -2.012268e+01 -9.911024e+00 
-2.024279e+01 -2.024577e+01 -2.024171e+01 -2.023219e+01 -2.021845e+01 -2.020154e+01 -2.018235e+01 -2.016179e+01 -2.014074e+01 -2.012017e+01 -2.010111e+01 -2.008472e+01 -2.007228e+01 -2.006527e+01 -2.006537e+01 -2.007464e+01 -2.009561e+01 -2.013135e+01 -1.560227e-02 -2.025900e+01 -2.034568e+01 -2.040222e+01 -2.015990e+01 -9.965661e+00 
-2.009785e+01 -2.010005e+01 -2.009551e+01 -2.008578e+01 -2.007209e+01 -2.005548e+01 -2.003686e+01 -2.001713e+01 -1.999720e+01 -1.997808e+01 -1.996086e+01 -1.994679e+01 -1.993728e+01 -1.993394e+01 -1.993871e+01 -1.995393e+01 -1.998251e+01 -2.002809e+01 -2.009472e+01 -1.545006e-02 -2.029320e+01 -2.037749e+01 -2.017037e+01 -1.000508e+01 
-1.991409e+01 -1.991281e+01 -1.990536e+01 -1.989322e+01 -1.987759e+01 -1.985944e+01 -1.983968e+01 -1.981918e+01 -1.979887e+01 -1.977978e+01 -1.976307e+01 -1.975007e+01 -1.974233e+01 -1.974166e+01 -1.975024e+01 -1.977079e+01 -1.980671e+01 -1.986231e+01 -1.994258e+01 -2.005152e+01 -1.546575e-02 -2.030485e+01 -2.014677e+01 -1.003019e+01 
-1.974364e+01 -1.973356e+01 -1.971834e+01 -1.969935e+01 -1.967763e+01 -1.965404e+01 -1.962939e+01 -1.960449e+01 -1.958025e+01 -1.955769e+01 -1.953801e+01 -1.952263e+01 -1.951322e+01 -1.951179e+01 -1.952081e+01 -1.954337e+01 -1.958345e+01 -1.964614e+01 -1.973763e+01 -1.986378e+01 -2.002375e+01 -1.549596e-02 -2.009003e+01 -1.006103e+01 
-2.000401e+01 -1.997788e+01 -1.994859e+01 -1.991701e+01 -1.988378e+01 -1.984943e+01 -1.981446e+01 -1.977946e+01 -1.974514e+01 -1.971239e+01 -1.968228e+01 -1.965619e+01 -1.963577e+01 -1.962306e+01 -1.962060e+01 -1.963162e+01 -1.966031e+01 -1.971215e+01 -1.979405e+01 -1.991338e+01 -2.007260e+01 -2.024609e+01 -1.377080e-02 -1.031319e+01 
-3.020758e+01 -3.017922e+01 -3.014956e+01 -3.011818e+01 -3.008464e+01 -3.004861e+01 -3.000983e+01 -2.996822e+01 -2.992386e+01 -2.987712e+01 -2.982868e+01 -2.977959e+01 -2.973137e+01 -2.968609e+01 -2.964649e+01 -2.961623e+01 -2.960023e+01 -2.960511e+01 -2.963947e+01 -2.971298e+01 -2.983075e+01 -2.997160e+01 -2.992440e+01 -1.504504e-05 

# Emission Probabilities
-1.169464e-03 -1.488930e+01 
-3.416556e-03 -1.274625e+01 
-5.566628e-03 -1.177101e+01 
-7.646137e-03 -1.113723e+01 
-9.674868e-03 -1.066758e+01 
-1.166599e-02 -1.029428e+01 
-1.362702e-02 -9.984505e+00 
-1.556124e-02 -9.720013e+00 
-1.746927e-02 -9.489647e+00 
-1.935095e-02 -9.285989e+00 
-2.120758e-02 -9.103682e+00 
-2.304430e-02 -8.938479e+00 
-2.487301e-02 -8.786662e+00 
-2.671590e-02 -8.644630e+00 
-2.861063e-02 -8.508536e+00 
-3.061899e-02 -8.373854e+00 
-3.284259e-02 -8.234751e+00 
-3.545361e-02 -8.083056e+00 
-3.875729e-02 -7.906514e+00 
-4.332523e-02 -7.685958e+00 
-5.031035e-02 -7.390486e+00 
-6.253345e-02 -6.961587e+00 
-8.987420e-02 -6.249752e+00 
-1.469692e-01 -5.294393e+00 
