# Initial probabilities
-4.217382e+00
-2.846361e+00
-2.452649e+00
-1.826479e+00
-3.724125e-01
-8.324185e+00

# Transition Probabilities
-1.054256e-02 -8.510242e+00 -8.171023e+00 -7.545369e+00 -5.395303e+00 -5.311067e+00 
-8.850092e+00 -7.801991e-03 -8.414691e+00 -7.807534e+00 -5.691727e+00 -5.619555e+00 
-9.092028e+00 -8.974839e+00 -5.501271e-03 -8.126532e+00 -6.103258e+00 -5.908636e+00 
-9.634472e+00 -9.509045e+00 -9.231865e+00 -2.845837e-03 -6.828837e+00 -6.487603e+00 
-1.136760e+01 -1.124104e+01 -1.096775e+01 -1.050019e+01 -3.927859e-04 -8.037115e+00 
-1.116298e+01 -1.098379e+01 -1.070980e+01 -1.025930e+01 -8.528657e+00 -2.862811e-04 

# Emission Probabilities
-2.114239e-03 -6.160117e+00 
-5.036479e-03 -5.293565e+00 
-8.064095e-03 -4.824363e+00 
-1.144752e-02 -4.475701e+00 
-1.739853e-02 -4.060056e+00 
-7.146085e-02 -2.674123e+00 
