# Initial probabilities
-5.469685e+00
-3.514603e+00
-2.675031e-01
-1.994812e+00
-2.843082e+00
-4.672509e+00

# Transition Probabilities
-1.921099e-03 -8.658666e+00 -8.018992e+00 -7.330571e+00 -7.528553e+00 -8.404880e+00 
-8.741516e+00 -1.762781e-03 -8.084744e+00 -7.421118e+00 -7.610353e+00 -8.520025e+00 
-9.223377e+00 -9.189313e+00 -7.796839e-04 -8.217328e+00 -8.397993e+00 -9.393111e+00 
-9.414544e+00 -9.365909e+00 -8.722615e+00 -5.253948e-04 -8.928024e+00 -9.677887e+00 
-8.842450e+00 -8.805461e+00 -8.217019e+00 -8.004855e+00 -9.543439e-04 -9.796401e+00 
-7.950747e+00 -7.964391e+00 -7.696592e+00 -6.908740e+00 -7.733612e+00 -2.594634e-03 

# Emission Probabilities
-7.535141e-06 -1.179594e+01 
-1.476975e-04 -8.820418e+00 
-1.569214e-03 -6.457965e+00 
-4.847562e-03 -5.331702e+00 
-1.010369e-02 -4.599902e+00 
-2.134857e-02 -3.857426e+00 
