# Initial probabilities
-7.034976e+00
-7.113458e+00
-8.180988e+00
-3.886199e+00
-2.636573e-02
-4.270952e+00

# Transition Probabilities
-4.465492e-03 -8.595434e+00 -6.509948e+00 -6.258344e+00 -7.287928e+00 -8.601261e+00 
-8.817188e+00 -3.715823e-03 -6.643882e+00 -6.455812e+00 -7.516784e+00 -8.848769e+00 
-1.029973e+01 -1.020047e+01 -2.841448e-04 -8.771431e+00 -9.871093e+00 -1.193422e+01 
-1.012833e+01 -1.005748e+01 -8.021472e+00 -5.143335e-04 -9.389796e+00 -1.084528e+01 
-9.604463e+00 -9.620456e+00 -8.436452e+00 -7.825859e+00 -8.002803e-04 -9.901844e+00 
-7.559707e+00 -7.562985e+00 -6.650826e+00 -5.809311e+00 -6.557982e+00 -6.774440e-03 

# Emission Probabilities
-2.163179e-05 -1.074136e+01 
-4.433234e-04 -7.721433e+00 
-1.828623e-03 -6.305106e+00 
-4.657375e-03 -5.371631e+00 
-9.807679e-03 -4.629489e+00 
-1.477265e-02 -4.222355e+00 
