# Initial probabilities
-3.886166e+00
-4.067080e+00
-4.702866e+00
-5.399035e+00
-6.012277e+00
-6.512563e+00
-6.918660e+00
-7.261289e+00
-7.567565e+00
-7.857609e+00
-8.146548e+00
-8.447157e+00
-8.771759e+00
-9.133974e+00
-9.549700e+00
-1.003594e+01
-1.060669e+01
-1.126462e+01
-1.199159e+01
-1.275221e+01
-1.351415e+01
-1.425541e+01
-1.497427e+01
-1.583984e+01

# Transition Probabilities
-5.132082e-04 -2.134313e+01 -2.196782e+01 -2.236959e+01 -2.265908e+01 -2.287661e+01 -2.304115e+01 -2.316416e+01 -2.325405e+01 -2.331853e+01 -2.336562e+01 -2.340263e+01 -2.343453e+01 -2.346381e+01 -2.349191e+01 -2.352098e+01 -2.355491e+01 -2.360040e+01 -2.366744e+01 -2.376444e+01 -2.388248e+01 -2.400439e+01 -2.417350e+01 -2.435228e+01 
-1.900767e+01 -1.091390e-03 -2.069149e+01 -2.098975e+01 -2.118766e+01 -2.132687e+01 -2.142459e+01 -2.148995e+01 -2.153017e+01 -2.155312e+01 -2.156754e+01 -2.158107e+01 -2.159838e+01 -2.162113e+01 -2.164945e+01 -2.168334e+01 -2.172344e+01 -2.177191e+01 -2.183307e+01 -2.190992e+01 -2.199338e+01 -2.207324e+01 -2.218719e+01 -2.226105e+01 
-1.870263e+01 -1.975211e+01 -1.612964e-03 -2.038660e+01 -2.051728e+01 -2.060226e+01 -2.065619e+01 -2.068606e+01 -2.069766e+01 -2.069786e+01 -2.069435e+01 -2.069357e+01 -2.069909e+01 -2.071178e+01 -2.073110e+01 -2.075633e+01 -2.078704e+01 -2.082390e+01 -2.086920e+01 -2.092512e+01 -2.098700e+01 -2.105348e+01 -2.116425e+01 -2.123771e+01 
-1.873795e+01 -1.967519e+01 -2.001454e+01 -1.898697e-03 -2.025775e+01 -2.030835e+01 -2.033546e+01 -2.034440e+01 -2.033989e+01 -2.032797e+01 -2.031532e+01 -2.030733e+01 -2.030663e+01 -2.031341e+01 -2.032658e+01 -2.034475e+01 -2.036679e+01 -2.039261e+01 -2.042399e+01 -2.046410e+01 -2.051326e+01 -2.057712e+01 -2.069715e+01 -2.079371e+01 
-1.888244e+01 -1.972207e+01 -2.000004e+01 -2.011548e+01 -2.019692e-03 -2.019969e+01 -2.020958e+01 -2.020538e+01 -2.019113e+01 -2.017231e+01 -2.015487e+01 -2.014330e+01 -2.013947e+01 -2.014295e+01 -2.015211e+01 -2.016495e+01 -2.017971e+01 -2.019583e+01 -2.021509e+01 -2.024200e+01 -2.028124e+01 -2.034350e+01 -2.046971e+01 -2.058293e+01 
-1.905934e+01 -1.981335e+01 -2.004185e+01 -2.012576e+01 -2.015990e+01 -2.053343e-03 -2.016914e+01 -2.015554e+01 -2.013462e+01 -2.011151e+01 -2.009158e+01 -2.007855e+01 -2.007357e+01 -2.007559e+01 -2.008241e+01 -2.009139e+01 -2.010023e+01 -2.010807e+01 -2.011686e+01 -2.013248e+01 -2.016315e+01 -2.022304e+01 -2.035067e+01 -2.046991e+01 
-1.925229e+01 -1.992738e+01 -2.011259e+01 -2.017008e+01 -2.018612e+01 -2.018449e+01 -2.040304e-03 -2.015037e+01 -2.012427e+01 -2.009836e+01 -2.007745e+01 -2.006454e+01 -2.006002e+01 -2.006220e+01 -2.006820e+01 -2.007474e+01 -2.007896e+01 -2.007983e+01 -2.007963e+01 -2.008553e+01 -2.010860e+01 -2.016524e+01 -2.029026e+01 -2.040686e+01 
-1.945811e+01 -2.005741e+01 -2.020227e+01 -2.023574e+01 -2.023548e+01 -2.022175e+01 -2.019964e+01 -2.000107e-03 -2.014140e+01 -2.011383e+01 -2.009323e+01 -2.008185e+01 -2.007931e+01 -2.008317e+01 -2.008985e+01 -2.009532e+01 -2.009617e+01 -2.009121e+01 -2.008318e+01 -2.008046e+01 -2.009647e+01 -2.014891e+01 -2.026808e+01 -2.037640e+01 
-1.966660e+01 -2.019257e+01 -2.029898e+01 -2.030986e+01 -2.029435e+01 -2.026935e+01 -2.023877e+01 -2.020491e+01 -1.948563e-03 -2.014342e+01 -2.012429e+01 -2.011569e+01 -2.011645e+01 -2.012339e+01 -2.013215e+01 -2.013789e+01 -2.013659e+01 -2.012689e+01 -2.011196e+01 -2.010133e+01 -2.011039e+01 -2.015750e+01 -2.026828e+01 -2.036525e+01 
-1.986027e+01 -2.031681e+01 -2.038702e+01 -2.037668e+01 -2.034694e+01 -2.031159e+01 -2.027348e+01 -2.023477e+01 -2.019929e+01 -1.901360e-03 -2.015476e+01 -2.014986e+01 -2.015495e+01 -2.016612e+01 -2.017820e+01 -2.018552e+01 -2.018337e+01 -2.017016e+01 -2.014934e+01 -2.013143e+01 -2.013343e+01 -2.017412e+01 -2.027463e+01 -2.035898e+01 
-2.002267e+01 -2.041584e+01 -2.045292e+01 -2.042314e+01 -2.038046e+01 -2.033591e+01 -2.029135e+01 -2.024881e+01 -2.021205e+01 -2.018532e+01 -1.869638e-03 -2.017083e+01 -2.018092e+01 -2.019719e+01 -2.021369e+01 -2.022387e+01 -2.022233e+01 -2.020712e+01 -2.018178e+01 -2.015747e+01 -2.015246e+01 -2.018599e+01 -2.027527e+01 -2.034703e+01 
-2.014448e+01 -2.048182e+01 -2.048965e+01 -2.044271e+01 -2.038875e+01 -2.033636e+01 -2.028656e+01 -2.024114e+01 -2.020376e+01 -2.017844e+01 -2.016770e+01 -1.857679e-03 -2.018689e+01 -2.020885e+01 -2.023065e+01 -2.024494e+01 -2.024557e+01 -2.023014e+01 -2.020202e+01 -2.017261e+01 -2.016119e+01 -2.018761e+01 -2.026591e+01 -2.032647e+01 
-2.022442e+01 -2.051349e+01 -2.049645e+01 -2.043507e+01 -2.037180e+01 -2.031317e+01 -2.025939e+01 -2.021197e+01 -2.017442e+01 -2.015057e+01 -2.014277e+01 -2.015078e+01 -1.864643e-03 -2.019936e+01 -2.022709e+01 -2.024654e+01 -2.025086e+01 -2.023708e+01 -2.020812e+01 -2.017530e+01 -2.015866e+01 -2.017907e+01 -2.024820e+01 -2.030092e+01 
-2.026789e+01 -2.051491e+01 -2.047751e+01 -2.040469e+01 -2.033431e+01 -2.027114e+01 -2.021465e+01 -2.016602e+01 -2.012856e+01 -2.010600e+01 -2.010069e+01 -2.011237e+01 -2.013790e+01 -1.886501e-03 -2.020536e+01 -2.023069e+01 -2.023999e+01 -2.022962e+01 -2.020180e+01 -2.016747e+01 -2.014738e+01 -2.016387e+01 -2.022728e+01 -2.027797e+01 
-2.028505e+01 -2.049464e+01 -2.044133e+01 -2.036018e+01 -2.028487e+01 -2.021879e+01 -2.016076e+01 -2.011157e+01 -2.007432e+01 -2.005269e+01 -2.004912e+01 -2.006359e+01 -2.009308e+01 -2.013177e+01 -1.916313e-03 -2.020314e+01 -2.021848e+01 -2.021316e+01 -2.018847e+01 -2.015478e+01 -2.013353e+01 -2.014904e+01 -2.021149e+01 -2.026857e+01 
-2.028739e+01 -2.046381e+01 -2.039890e+01 -2.031227e+01 -2.023386e+01 -2.016609e+01 -2.010731e+01 -2.005794e+01 -2.002081e+01 -1.999955e+01 -1.999682e+01 -2.001294e+01 -2.004525e+01 -2.008812e+01 -2.013339e+01 -1.945670e-03 -2.019404e+01 -2.019556e+01 -2.017635e+01 -2.014600e+01 -2.012650e+01 -2.014445e+01 -2.021138e+01 -2.028536e+01 
-2.028417e+01 -2.043311e+01 -2.036034e+01 -2.027002e+01 -2.018913e+01 -2.011984e+01 -2.006031e+01 -2.001054e+01 -1.997303e+01 -1.995133e+01 -1.994832e+01 -1.996481e+01 -1.999868e+01 -2.004479e+01 -2.009524e+01 -2.014051e+01 -1.969102e-03 -2.018233e+01 -2.017174e+01 -2.014834e+01 -2.013424e+01 -2.015822e+01 -2.023498e+01 -2.033712e+01 
-2.028220e+01 -2.041138e+01 -2.033285e+01 -2.023829e+01 -2.015344e+01 -2.008106e+01 -2.001939e+01 -1.996798e+01 -1.992882e+01 -1.990530e+01 -1.990052e+01 -1.991582e+01 -1.994987e+01 -1.999824e+01 -2.005364e+01 -2.010682e+01 -2.014849e+01 -1.987941e-03 -2.017375e+01 -2.016194e+01 -2.015758e+01 -2.019125e+01 -2.028264e+01 -2.042352e+01 
-2.028498e+01 -2.040329e+01 -2.031870e+01 -2.021666e+01 -2.012411e+01 -2.004528e+01 -1.997865e+01 -1.992317e+01 -1.988013e+01 -1.985262e+01 -1.984387e+01 -1.985586e+01 -1.988814e+01 -1.993734e+01 -1.999715e+01 -2.005888e+01 -2.011318e+01 -2.015211e+01 -2.011090e-03 -2.017665e+01 -2.018684e+01 -2.023419e+01 -2.034504e+01 -2.053396e+01 
-2.028686e+01 -2.040432e+01 -2.031188e+01 -2.019790e+01 -2.009325e+01 -2.000411e+01 -1.992915e+01 -1.986654e+01 -1.981671e+01 -1.978225e+01 -1.976652e+01 -1.977211e+01 -1.979965e+01 -1.984714e+01 -1.990959e+01 -1.997932e+01 -2.004719e+01 -2.010446e+01 -2.014523e+01 -2.053115e-03 -2.020108e+01 -2.026701e+01 -2.040353e+01 -2.064863e+01 
-2.027240e+01 -2.039884e+01 -2.029682e+01 -2.016752e+01 -2.004818e+01 -1.994629e+01 -1.986041e+01 -1.978785e+01 -1.972817e+01 -1.968343e+01 -1.965704e+01 -1.965230e+01 -1.967106e+01 -1.971291e+01 -1.977453e+01 -1.984963e+01 -1.992966e+01 -2.000530e+01 -2.006872e+01 -2.011910e+01 -2.136989e-03 -2.026293e+01 -2.043383e+01 -2.074010e+01 
-2.020276e+01 -2.033811e+01 -2.022224e+01 -2.007486e+01 -1.994020e+01 -1.982507e+01 -1.972702e+01 -1.964251e+01 -1.957036e+01 -1.951224e+01 -1.947177e+01 -1.945309e+01 -1.945941e+01 -1.949198e+01 -1.954922e+01 -1.962628e+01 -1.971548e+01 -1.980731e+01 -1.989241e+01 -1.996759e+01 -2.004749e+01 -2.326770e-03 -2.038602e+01 -2.074798e+01 
-2.004089e+01 -2.015538e+01 -2.000653e+01 -1.983197e+01 -1.967835e+01 -1.954797e+01 -1.943556e+01 -1.933607e+01 -1.924749e+01 -1.917134e+01 -1.911197e+01 -1.907492e+01 -1.906525e+01 -1.908606e+01 -1.913739e+01 -1.921557e+01 -1.931364e+01 -1.942227e+01 -1.953119e+01 -1.963509e+01 -1.974746e+01 -1.991086e+01 -2.750971e-03 -2.057141e+01 
-1.995252e+01 -1.993196e+01 -1.968472e+01 -1.944927e+01 -1.925276e+01 -1.908464e+01 -1.893380e+01 -1.879276e+01 -1.865902e+01 -1.853535e+01 -1.842872e+01 -1.834823e+01 -1.830271e+01 -1.829883e+01 -1.833964e+01 -1.842381e+01 -1.854596e+01 -1.869720e+01 -1.886450e+01 -1.903471e+01 -1.921145e+01 -1.943474e+01 -1.975417e+01 -3.730084e-03 

# Emission Probabilities
-8.714399e-05 -2.014975e+01 
-3.443763e-04 -1.736138e+01 
-8.001874e-04 -1.566137e+01 
-1.368519e-03 -1.458175e+01 
-1.969550e-03 -1.385306e+01 
-2.572118e-03 -1.332082e+01 
-3.173081e-03 -1.290191e+01 
-3.771488e-03 -1.255616e+01 
-4.362767e-03 -1.226380e+01 
-4.948494e-03 -1.201045e+01 
-5.542479e-03 -1.178248e+01 
-6.167265e-03 -1.156799e+01 
-6.849740e-03 -1.135768e+01 
-7.620574e-03 -1.114443e+01 
-8.511694e-03 -1.092371e+01 
-9.547704e-03 -1.069481e+01 
-1.073992e-02 -1.046047e+01 
-1.209174e-02 -1.022426e+01 
-1.361565e-02 -9.987427e+00 
-1.536319e-02 -9.746493e+00 
-1.741770e-02 -9.496787e+00 
-1.985062e-02 -9.237127e+00 
-2.310430e-02 -8.936889e+00 
-2.979587e-02 -8.442350e+00 
