# Initial probabilities
-1.094859e+01
-1.070426e+01
-9.716572e+00
-8.363337e+00
-6.999231e+00
-8.004821e+00
-8.035980e+00
-5.374162e+00
-1.037992e+00
-4.041407e-01

# Transition Probabilities
-2.750938e-03 -9.154173e+00 -8.765987e+00 -7.315605e+00 -6.641839e+00 -8.406167e+00 -8.783859e+00 -9.545009e+00 -1.026290e+01 -1.033136e+01 
-9.272337e+00 -2.646262e-03 -8.813611e+00 -7.359668e+00 -6.685849e+00 -8.481263e+00 -8.866121e+00 -9.600858e+00 -1.023215e+01 -9.670077e+00 
-9.718848e+00 -9.648890e+00 -2.005114e-03 -7.749684e+00 -7.085662e+00 -9.027796e+00 -9.442251e+00 -1.006328e+01 -1.030350e+01 -8.001054e+00 
-1.114091e+01 -1.106384e+01 -1.060437e+01 -1.123123e-03 -8.640229e+00 -1.083620e+01 -1.128969e+01 -1.168705e+01 -1.109487e+01 -7.088204e+00 
-1.087242e+01 -1.082409e+01 -1.050404e+01 -9.410676e+00 -1.191821e-03 -1.080564e+01 -1.113103e+01 -1.160128e+01 -9.518071e+00 -6.985338e+00 
-9.858170e+00 -9.857699e+00 -9.786529e+00 -9.090339e+00 -9.084335e+00 -7.467242e-04 -9.504254e+00 -1.052887e+01 -8.416050e+00 -1.020923e+01 
-1.025357e+01 -1.025975e+01 -1.022484e+01 -9.600861e+00 -9.183163e+00 -8.841833e+00 -6.822842e-04 -1.042947e+01 -8.465842e+00 -1.079621e+01 
-1.071630e+01 -1.073971e+01 -1.079724e+01 -1.039093e+01 -9.133513e+00 -7.353471e+00 -7.613400e+00 -1.601049e-03 -8.726616e+00 -9.206323e+00 
-1.376252e+01 -1.385072e+01 -1.422888e+01 -1.473269e+01 -1.339629e+01 -8.249693e+00 -7.961045e+00 -9.628942e+00 -7.114036e-04 -1.039370e+01 
-1.446581e+01 -1.452827e+01 -1.475265e+01 -1.493704e+01 -1.408799e+01 -9.312708e+00 -8.220805e+00 -9.429898e+00 -8.889147e+00 -5.800923e-04 

# Emission Probabilities
-2.464927e-05 -1.061078e+01 
-1.363856e-04 -8.900093e+00 
-7.053716e-04 -7.257138e+00 
-1.347717e-03 -6.610017e+00 
-1.994650e-03 -6.218284e+00 
-6.502495e-03 -5.038819e+00 
-6.867635e-03 -4.984367e+00 
-7.779510e-03 -4.860149e+00 
-2.317670e-02 -3.776174e+00 
-3.015738e-02 -3.516367e+00 
