# Initial probabilities
-8.468888e+00
-8.460158e+00
-8.281681e+00
-7.644636e+00
-7.042781e+00
3.667282e-02

# Transition Probabilities
-3.993499e-03 -8.687134e+00 -8.496561e+00 -8.385197e+00 -8.263710e+00 -5.767777e+00 
-8.717599e+00 -3.968787e-03 -8.515292e+00 -8.409093e+00 -8.287981e+00 -5.769119e+00 
-8.850932e+00 -8.839466e+00 -3.793563e-03 -8.675533e+00 -8.542267e+00 -5.765934e+00 
-8.688334e+00 -8.682831e+00 -8.629864e+00 -4.098807e-03 -8.351215e+00 -5.702501e+00 
-9.667014e+00 -9.659299e+00 -9.568735e+00 -9.303174e+00 -1.479920e-03 -6.733261e+00 
-8.895580e+00 -8.883792e+00 -8.802357e+00 -9.067343e+00 -8.531638e+00 -7.387660e-04 

# Emission Probabilities
-5.419417e-06 -1.212552e+01 
-1.085403e-04 -9.128443e+00 
-1.279022e-03 -6.662299e+00 
-3.850860e-03 -5.561384e+00 
-1.351401e-02 -4.310778e+00 
-4.451345e-02 -3.134138e+00 
