# Initial probabilities
-2.548572e+00
-1.941927e+00
-2.006988e+00
-2.257907e+00
-2.509909e+00
-2.720601e+00
-2.896898e+00
-3.052775e+00
-3.198186e+00
-3.338904e+00
-3.478394e+00
-3.619066e+00
-3.762771e+00
-3.910895e+00
-4.064295e+00
-4.223201e+00
-4.387169e+00
-4.555112e+00
-4.725510e+00
-4.896827e+00
-5.068240e+00
-5.240821e+00
-5.420044e+00
-5.624967e+00

# Transition Probabilities
-4.656164e-04 -9.767949e+00 -9.734790e+00 -9.852573e+00 -1.002723e+01 -1.021618e+01 -1.040188e+01 -1.057718e+01 -1.074008e+01 -1.089119e+01 -1.103227e+01 -1.116536e+01 -1.129239e+01 -1.141505e+01 -1.153478e+01 -1.165291e+01 -1.177072e+01 -1.188966e+01 -1.201152e+01 -1.213878e+01 -1.227521e+01 -1.242724e+01 -1.260734e+01 -1.284713e+01 
-1.032186e+01 -3.056184e-04 -1.009740e+01 -1.023926e+01 -1.042617e+01 -1.062098e+01 -1.080909e+01 -1.098513e+01 -1.114815e+01 -1.129926e+01 -1.144037e+01 -1.157351e+01 -1.170055e+01 -1.182312e+01 -1.194265e+01 -1.206050e+01 -1.217802e+01 -1.229675e+01 -1.241863e+01 -1.254629e+01 -1.268373e+01 -1.283760e+01 -1.302066e+01 -1.326482e+01 
-1.022872e+01 -1.003982e+01 -3.030449e-04 -1.024857e+01 -1.044934e+01 -1.065287e+01 -1.084624e+01 -1.102527e+01 -1.118985e+01 -1.134167e+01 -1.148300e+01 -1.161607e+01 -1.174290e+01 -1.186518e+01 -1.198441e+01 -1.210197e+01 -1.221925e+01 -1.233785e+01 -1.245974e+01 -1.258763e+01 -1.272557e+01 -1.288028e+01 -1.306458e+01 -1.331036e+01 
-9.988960e+00 -9.832569e+00 -9.902917e+00 -3.639641e-04 -1.029946e+01 -1.051233e+01 -1.071181e+01 -1.089457e+01 -1.106126e+01 -1.121412e+01 -1.135584e+01 -1.148894e+01 -1.161558e+01 -1.173760e+01 -1.185654e+01 -1.197385e+01 -1.209095e+01 -1.220946e+01 -1.233139e+01 -1.245945e+01 -1.259770e+01 -1.275285e+01 -1.293767e+01 -1.318387e+01 
-9.701800e+00 -9.570608e+00 -9.660953e+00 -9.859105e+00 -4.670048e-04 -1.030651e+01 -1.051146e+01 -1.069753e+01 -1.086600e+01 -1.101968e+01 -1.116161e+01 -1.129459e+01 -1.142095e+01 -1.154263e+01 -1.166125e+01 -1.177828e+01 -1.189520e+01 -1.201362e+01 -1.213557e+01 -1.226376e+01 -1.240224e+01 -1.255765e+01 -1.274267e+01 -1.298880e+01 
-9.414730e+00 -9.304201e+00 -9.410701e+00 -9.621756e+00 -9.857531e+00 -6.044974e-04 -1.029460e+01 -1.048309e+01 -1.065276e+01 -1.080687e+01 -1.094879e+01 -1.108152e+01 -1.120754e+01 -1.132885e+01 -1.144715e+01 -1.156393e+01 -1.168069e+01 -1.179907e+01 -1.192106e+01 -1.204938e+01 -1.218804e+01 -1.234363e+01 -1.252874e+01 -1.277465e+01 
-9.151295e+00 -9.057471e+00 -9.176729e+00 -9.397750e+00 -9.640744e+00 -9.873458e+00 -7.690493e-04 -1.027564e+01 -1.044600e+01 -1.060027e+01 -1.074208e+01 -1.087457e+01 -1.100030e+01 -1.112136e+01 -1.123946e+01 -1.135612e+01 -1.147284e+01 -1.159126e+01 -1.171338e+01 -1.184189e+01 -1.198077e+01 -1.213655e+01 -1.232172e+01 -1.256740e+01 
-8.919858e+00 -8.839140e+00 -8.968192e+00 -9.196605e+00 -9.444741e+00 -9.680739e+00 -9.894749e+00 -9.526598e-04 -1.025651e+01 -1.041087e+01 -1.055262e+01 -1.068500e+01 -1.081065e+01 -1.093165e+01 -1.104976e+01 -1.116649e+01 -1.128335e+01 -1.140197e+01 -1.152434e+01 -1.165313e+01 -1.179229e+01 -1.194831e+01 -1.213357e+01 -1.237907e+01 
-8.718712e+00 -8.648107e+00 -8.784553e+00 -9.018315e+00 -9.269995e+00 -9.508141e+00 -9.723332e+00 -9.914933e+00 -1.149875e-03 -1.024046e+01 -1.038231e+01 -1.051481e+01 -1.064060e+01 -1.076179e+01 -1.088013e+01 -1.099714e+01 -1.111431e+01 -1.123329e+01 -1.135604e+01 -1.148522e+01 -1.162474e+01 -1.178104e+01 -1.196642e+01 -1.221178e+01 
-8.541694e+00 -8.478888e+00 -8.620897e+00 -8.858497e+00 -9.112581e+00 -9.352114e+00 -9.568057e+00 -9.760082e+00 -9.931400e+00 -1.359330e-03 -1.022831e+01 -1.036114e+01 -1.048729e+01 -1.060888e+01 -1.072765e+01 -1.084512e+01 -1.096277e+01 -1.108224e+01 -1.120548e+01 -1.133512e+01 -1.147505e+01 -1.163166e+01 -1.181719e+01 -1.206242e+01 
-8.382114e+00 -8.325364e+00 -8.471584e+00 -8.711936e+00 -8.967644e+00 -9.208077e+00 -9.424537e+00 -9.616934e+00 -9.788613e+00 -9.943786e+00 -1.583055e-03 -1.021972e+01 -1.034642e+01 -1.046858e+01 -1.058793e+01 -1.070599e+01 -1.082424e+01 -1.094428e+01 -1.106808e+01 -1.119825e+01 -1.133862e+01 -1.149555e+01 -1.168122e+01 -1.192633e+01 
-8.234437e+00 -8.182422e+00 -8.331853e+00 -8.574185e+00 -8.830987e+00 -9.072015e+00 -9.288867e+00 -9.481638e+00 -9.653757e+00 -9.809455e+00 -9.952656e+00 -1.825134e-03 -1.021400e+01 -1.033685e+01 -1.045689e+01 -1.057563e+01 -1.069454e+01 -1.081523e+01 -1.093963e+01 -1.107034e+01 -1.121117e+01 -1.136842e+01 -1.155422e+01 -1.179917e+01 
-8.094564e+00 -8.046262e+00 -8.198158e+00 -8.441913e+00 -8.699445e+00 -8.940873e+00 -9.158054e+00 -9.351221e+00 -9.523850e+00 -9.680163e+00 -9.824055e+00 -9.958770e+00 -2.090792e-03 -1.021051e+01 -1.033130e+01 -1.045078e+01 -1.057040e+01 -1.069177e+01 -1.081679e+01 -1.094804e+01 -1.108931e+01 -1.124687e+01 -1.143276e+01 -1.167752e+01 
-7.959572e+00 -7.914174e+00 -8.067970e+00 -8.312742e+00 -8.570750e+00 -8.812451e+00 -9.029927e+00 -9.223513e+00 -9.396703e+00 -9.553691e+00 -9.698334e+00 -9.833841e+00 -9.962779e+00 -2.386054e-03 -1.020878e+01 -1.032902e+01 -1.044937e+01 -1.057141e+01 -1.069705e+01 -1.082883e+01 -1.097053e+01 -1.112835e+01 -1.131431e+01 -1.155884e+01 
-7.827347e+00 -7.784218e+00 -7.939483e+00 -8.184975e+00 -8.443278e+00 -8.685165e+00 -8.902914e+00 -9.096934e+00 -9.270713e+00 -9.428406e+00 -9.573827e+00 -9.710150e+00 -9.839913e+00 -9.965147e+00 -2.717818e-03 -1.020853e+01 -1.032961e+01 -1.045231e+01 -1.057855e+01 -1.071083e+01 -1.085291e+01 -1.101096e+01 -1.119693e+01 -1.144120e+01 
-7.696292e+00 -7.654942e+00 -7.811355e+00 -8.057353e+00 -8.315823e+00 -8.557834e+00 -8.775834e+00 -8.970285e+00 -9.144655e+00 -9.303055e+00 -9.449252e+00 -9.586383e+00 -9.716961e+00 -9.842998e+00 -9.966155e+00 -3.094185e-03 -1.020967e+01 -1.033301e+01 -1.045980e+01 -1.059255e+01 -1.073496e+01 -1.089319e+01 -1.107913e+01 -1.132309e+01 
-7.565103e+00 -7.525178e+00 -7.682513e+00 -7.928871e+00 -8.187418e+00 -8.429500e+00 -8.647720e+00 -8.842577e+00 -9.017514e+00 -9.176591e+00 -9.323530e+00 -9.461432e+00 -9.592785e+00 -9.719583e+00 -9.843476e+00 -9.965920e+00 -3.525002e-03 -1.021226e+01 -1.033955e+01 -1.047270e+01 -1.061538e+01 -1.077373e+01 -1.095960e+01 -1.120324e+01 
-7.432592e+00 -7.393867e+00 -7.551984e+00 -7.798613e+00 -8.057176e+00 -8.299277e+00 -8.517666e+00 -8.712876e+00 -8.888319e+00 -9.048009e+00 -9.195622e+00 -9.334225e+00 -9.466284e+00 -9.593776e+00 -9.718334e+00 -9.841406e+00 -9.964396e+00 -4.022755e-03 -1.021655e+01 -1.035003e+01 -1.049293e+01 -1.065134e+01 -1.083710e+01 -1.108041e+01 
-7.297487e+00 -7.259856e+00 -7.418692e+00 -7.665554e+00 -7.924086e+00 -8.166144e+00 -8.384621e+00 -8.580089e+00 -8.755938e+00 -8.916135e+00 -9.064316e+00 -9.203517e+00 -9.336180e+00 -9.464266e+00 -9.589396e+00 -9.713003e+00 -9.836481e+00 -9.961341e+00 -4.604208e-03 -1.022315e+01 -1.036619e+01 -1.052462e+01 -1.071025e+01 -1.095327e+01 
-7.158085e+00 -7.121551e+00 -7.281119e+00 -7.528216e+00 -7.786677e+00 -8.028602e+00 -8.247043e+00 -8.442624e+00 -8.618723e+00 -8.779271e+00 -8.927869e+00 -9.067524e+00 -9.200654e+00 -9.329205e+00 -9.454784e+00 -9.578812e+00 -9.702670e+00 -9.827857e+00 -9.956187e+00 -5.293830e-03 -1.023324e+01 -1.039166e+01 -1.057718e+01 -1.082000e+01 
-7.011599e+00 -6.976267e+00 -7.136653e+00 -7.384022e+00 -7.642360e+00 -7.884019e+00 -8.102233e+00 -8.297709e+00 -8.473832e+00 -8.634513e+00 -8.783319e+00 -8.923232e+00 -9.056650e+00 -9.185501e+00 -9.311380e+00 -9.435693e+00 -9.559809e+00 -9.685215e+00 -9.813717e+00 -9.947748e+00 -6.131535e-03 -1.024936e+01 -1.043485e+01 -1.067765e+01 
-6.852761e+00 -6.818840e+00 -6.980202e+00 -7.227906e+00 -7.486037e+00 -7.727218e+00 -7.944912e+00 -8.139955e+00 -8.315774e+00 -8.476275e+00 -8.625003e+00 -8.764914e+00 -8.898386e+00 -9.027331e+00 -9.153326e+00 -9.277767e+00 -9.402010e+00 -9.527531e+00 -9.656131e+00 -9.790240e+00 -9.933499e+00 -7.191888e-03 -1.027762e+01 -1.052071e+01 
-6.670209e+00 -6.638029e+00 -6.800616e+00 -7.048731e+00 -7.306490e+00 -7.546826e+00 -7.763519e+00 -7.957611e+00 -8.132625e+00 -8.292484e+00 -8.440721e+00 -8.580268e+00 -8.713481e+00 -8.842252e+00 -8.968141e+00 -9.092531e+00 -9.216764e+00 -9.342311e+00 -9.470968e+00 -9.605177e+00 -9.748599e+00 -9.907370e+00 -8.640730e-03 -1.033738e+01 
-6.432969e+00 -6.403015e+00 -6.567188e+00 -6.815750e+00 -7.072732e+00 -7.311480e+00 -7.526262e+00 -7.718471e+00 -7.891811e+00 -8.050260e+00 -8.197346e+00 -8.335972e+00 -8.468466e+00 -8.596691e+00 -8.722189e+00 -8.846322e+00 -8.970422e+00 -9.095955e+00 -9.224726e+00 -9.359198e+00 -9.503079e+00 -9.662596e+00 -9.849870e+00 -1.097231e-02 

# Emission Probabilities
-2.327126e-04 -8.425521e+00 
-3.481597e-04 -8.001052e+00 
-3.889566e-04 -7.887174e+00 
-4.180946e-04 -7.814686e+00 
-4.512847e-04 -7.738878e+00 
-4.942950e-04 -7.649415e+00 
-5.473140e-04 -7.550445e+00 
-6.072951e-04 -7.450708e+00 
-6.707650e-04 -7.356449e+00 
-7.356968e-04 -7.269579e+00 
-8.017712e-04 -7.189184e+00 
-8.698114e-04 -7.113309e+00 
-9.412170e-04 -7.039939e+00 
-1.017657e-03 -6.967328e+00 
-1.100979e-03 -6.894019e+00 
-1.193230e-03 -6.818777e+00 
-1.296757e-03 -6.740505e+00 
-1.414332e-03 -6.658167e+00 
-1.549396e-03 -6.570711e+00 
-1.706598e-03 -6.476883e+00 
-1.893121e-03 -6.374813e+00 
-2.122154e-03 -6.261008e+00 
-2.423301e-03 -6.127596e+00 
-2.886936e-03 -5.951526e+00 
