# Initial probabilities
-1.558565e+01
-7.788072e+00
-6.181664e+00
-5.104112e+00
-4.246099e+00
-3.572865e+00
-3.006194e+00
-2.431654e+00
-1.870135e+00
-1.587413e+00
-1.750926e+00
-2.149926e+00
-2.863895e+00
-4.174008e+00
-6.244449e+00
-1.091377e+01

# Transition Probabilities
-8.009337e-04 -9.509784e+00 -9.702525e+00 -9.881135e+00 -1.003512e+01 -1.017176e+01 -1.031204e+01 -1.047245e+01 -1.067656e+01 -1.093244e+01 -1.115477e+01 -1.125694e+01 -1.125769e+01 -1.128495e+01 -1.150767e+01 -1.276737e+01 
-1.014287e+01 -6.262140e-04 -9.759527e+00 -9.881671e+00 -9.989832e+00 -1.007431e+01 -1.015644e+01 -1.025644e+01 -1.038786e+01 -1.054675e+01 -1.067673e+01 -1.072191e+01 -1.069235e+01 -1.065160e+01 -1.068814e+01 -1.148613e+01 
-1.015203e+01 -9.594021e+00 -6.677121e-04 -9.811459e+00 -9.924491e+00 -1.000911e+01 -1.008755e+01 -1.018151e+01 -1.030265e+01 -1.044024e+01 -1.053986e+01 -1.055607e+01 -1.050398e+01 -1.043858e+01 -1.042537e+01 -1.104927e+01 
-1.008514e+01 -9.459225e+00 -9.546076e+00 -7.770367e-04 -9.793523e+00 -9.876386e+00 -9.951375e+00 -1.004123e+01 -1.015632e+01 -1.027937e+01 -1.035390e+01 -1.034478e+01 -1.027629e+01 -1.019997e+01 -1.016421e+01 -1.066045e+01 
-1.006824e+01 -9.371447e+00 -9.447892e+00 -9.574430e+00 -8.975069e-04 -9.755494e+00 -9.823446e+00 -9.907662e+00 -1.001705e+01 -1.012824e+01 -1.018209e+01 -1.015261e+01 -1.007303e+01 -9.994080e+00 -9.952892e+00 -1.033573e+01 
-1.012100e+01 -9.354418e+00 -9.412811e+00 -9.524136e+00 -9.616157e+00 -9.848065e-04 -9.741329e+00 -9.822869e+00 -9.931710e+00 -1.003832e+01 -1.007966e+01 -1.003739e+01 -9.951913e+00 -9.873703e+00 -9.833653e+00 -1.009299e+01 
-1.017677e+01 -9.350811e+00 -9.390487e+00 -9.485676e+00 -9.564425e+00 -9.620642e+00 -1.052622e-03 -9.766081e+00 -9.881439e+00 -9.990737e+00 -1.002657e+01 -9.978523e+00 -9.892382e+00 -9.815984e+00 -9.774948e+00 -9.888423e+00 
-1.014375e+01 -9.271995e+00 -9.300038e+00 -9.386460e+00 -9.460395e+00 -9.517675e+00 -9.584361e+00 -1.180333e-03 -9.807136e+00 -9.923235e+00 -9.957719e+00 -9.909850e+00 -9.829237e+00 -9.756251e+00 -9.708485e+00 -9.650750e+00 
-9.991500e+00 -9.088920e+00 -9.115526e+00 -9.203446e+00 -9.283482e+00 -9.351488e+00 -9.431329e+00 -9.540936e+00 -1.447350e-03 -9.807688e+00 -9.847578e+00 -9.809392e+00 -9.744091e+00 -9.679638e+00 -9.624255e+00 -9.402393e+00 
-9.820830e+00 -8.915426e+00 -8.945785e+00 -9.035751e+00 -9.120292e+00 -9.195341e+00 -9.281922e+00 -9.396755e+00 -9.542787e+00 -1.771871e-03 -9.739559e+00 -9.729955e+00 -9.698987e+00 -9.660956e+00 -9.619386e+00 -9.323173e+00 
-9.734058e+00 -8.870725e+00 -8.907765e+00 -8.992517e+00 -9.067044e+00 -9.131112e+00 -9.206264e+00 -9.309288e+00 -9.446788e+00 -9.591358e+00 -1.850491e-03 -9.720652e+00 -9.746016e+00 -9.756681e+00 -9.755776e+00 -9.490520e+00 
-9.647435e+00 -8.833782e+00 -8.875355e+00 -8.951216e+00 -9.010279e+00 -9.057077e+00 -9.115547e+00 -9.203272e+00 -9.330180e+00 -9.479399e+00 -9.597492e+00 -1.926837e-03 -9.758647e+00 -9.814111e+00 -9.854722e+00 -9.656333e+00 
-9.518070e+00 -8.726336e+00 -8.760994e+00 -8.825396e+00 -8.871603e+00 -8.906014e+00 -8.953881e+00 -9.033208e+00 -9.155895e+00 -9.311653e+00 -9.450655e+00 -9.565314e+00 -2.139140e-03 -9.771645e+00 -9.852441e+00 -9.723989e+00 
-9.380878e+00 -8.553083e+00 -8.566507e+00 -8.619376e+00 -8.659020e+00 -8.688843e+00 -8.733667e+00 -8.812313e+00 -8.938748e+00 -9.107621e+00 -9.268943e+00 -9.410116e+00 -9.559564e+00 -2.524820e-03 -9.805163e+00 -9.739116e+00 
-9.298829e+00 -8.330167e+00 -8.302072e+00 -8.333989e+00 -8.358667e+00 -8.376256e+00 -8.411682e+00 -8.484845e+00 -8.612357e+00 -8.796077e+00 -8.988057e+00 -9.165377e+00 -9.356507e+00 -9.519022e+00 -3.288773e-03 -9.733097e+00 
-9.751040e+00 -8.083256e+00 -7.916322e+00 -7.859280e+00 -7.792341e+00 -7.721358e+00 -7.681064e+00 -7.686495e+00 -7.750055e+00 -7.889186e+00 -8.067613e+00 -8.250594e+00 -8.471832e+00 -8.680824e+00 -8.894059e+00 -6.168884e-03 

# Emission Probabilities
-2.895317e-05 -1.134687e+01 
-4.154397e-04 -8.026061e+00 
-6.041962e-04 -7.596830e+00 
-8.141718e-04 -7.279798e+00 
-1.097840e-03 -6.968582e+00 
-1.450477e-03 -6.691117e+00 
-1.797961e-03 -6.494877e+00 
-2.122906e-03 -6.356625e+00 
-2.567834e-03 -6.203150e+00 
-3.495319e-03 -5.941160e+00 
-4.712180e-03 -5.690060e+00 
-5.535544e-03 -5.511658e+00 
-6.393811e-03 -5.310044e+00 
-7.396444e-03 -5.102846e+00 
-8.644253e-03 -4.920286e+00 
-1.421849e-02 -4.475386e+00 
