ms -N 10000 10 1 -t 400 -r 400 100000 -SAA 100 -SAa 50 -Saa 0 -Sp 0.5 -eN 0.01 0.05 -eN 0.0375 0.5 -eN 1.25 1  [3.2rc Build:162]
0x176edb229e9a87e1

//
segsites: 279
positions: 0.00326 0.00596 0.00791 0.01157 0.02153 0.02208 0.02216 0.02453 0.02806 0.02853 0.02983 0.03156 0.03214 0.03441 0.03507 0.03532 0.04239 0.04310 0.05064 0.05190 0.05248 0.05302 0.05454 0.05933 0.05948 0.05960 0.05997 0.06065 0.06073 0.06124 0.06488 0.06667 0.06741 0.06884 0.07643 0.07658 0.07675 0.08250 0.08702 0.09049 0.09478 0.09574 0.09686 0.09690 0.10297 0.10321 0.10518 0.10639 0.10798 0.10894 0.11108 0.11369 0.11663 0.11760 0.11779 0.11863 0.11924 0.11941 0.12112 0.12132 0.12263 0.12288 0.12513 0.12568 0.13139 0.13286 0.14049 0.14342 0.14965 0.16368 0.16415 0.16924 0.17382 0.17948 0.18249 0.18287 0.18361 0.18565 0.19018 0.19248 0.19298 0.19527 0.19644 0.20229 0.20358 0.20568 0.20734 0.20816 0.21014 0.21528 0.21889 0.22342 0.22442 0.22553 0.22573 0.22712 0.22827 0.24656 0.26620 0.27681 0.28230 0.28465 0.29329 0.31878 0.32036 0.32125 0.32742 0.33169 0.33665 0.34204 0.34398 0.34583 0.34827 0.34874 0.34921 0.35034 0.35198 0.35270 0.35464 0.35840 0.35954 0.36422 0.36443 0.36467 0.36515 0.37408 0.37419 0.37531 0.37566 0.38211 0.38260 0.38289 0.38400 0.38474 0.38491 0.38551 0.38783 0.39625 0.40140 0.40285 0.40285 0.40501 0.41354 0.41758 0.41814 0.41878 0.42573 0.42871 0.43136 0.43544 0.44300 0.44767 0.44815 0.45136 0.46209 0.46482 0.47448 0.47563 0.47693 0.47794 0.47996 0.48070 0.48978 0.49032 0.49613 0.49923 0.52782 0.53042 0.53210 0.53824 0.54248 0.54391 0.54427 0.54792 0.55327 0.55361 0.55490 0.56304 0.56568 0.56984 0.57799 0.57920 0.59036 0.59069 0.59099 0.59269 0.59496 0.59542 0.59570 0.59596 0.60451 0.60468 0.60623 0.60820 0.63144 0.63310 0.63395 0.64352 0.64744 0.65125 0.65438 0.65556 0.65773 0.65783 0.65838 0.65858 0.66615 0.67175 0.67683 0.67795 0.67796 0.68801 0.69525 0.69840 0.70051 0.70262 0.70460 0.70643 0.70684 0.70737 0.70811 0.70814 0.70874 0.70886 0.70923 0.71087 0.71192 0.71201 0.71219 0.71678 0.71756 0.71832 0.71885 0.71973 0.71991 0.72025 0.72413 0.73150 0.73494 0.73510 0.73519 0.73529 0.73736 0.74202 0.74324 0.74428 0.75057 0.75263 0.76017 0.76470 0.76543 0.76847 0.77498 0.77590 0.77928 0.78309 0.78651 0.78934 0.79001 0.79048 0.79724 0.79916 0.79928 0.82671 0.83770 0.86338 0.88747 0.92674 0.95168 0.95906 0.96143 0.96292 0.96586 0.96933 0.96956 0.97400 0.97725 0.98987 0.99689 
010001000100101011011010010000110100000010110011110000111001011010001000001101100010101100011000000000000100111011000000101010110000101100010010010101011011110110000010010110000001110010011001100000011000011000100011000010001110010010010011110000000001100100000001001000100100011
000011001010000011011000010000110110010010110011110000110001011010100111010000011101001100100010111110100100001011000001111010101111010000010000010101000001100110001001101001100101110010011001100010011000011011011100101100110001101101101100001110100000011011111100101100100100011
000001001010000011011000011000110110111010110011110000110001011010100111010000011101001100100010101100100100001111000000000101001111010100010000010101000001100110000010010110000001110010011001101000011000011011011100101000110001101101101100001010101100011011110100000011001011111
001100100100101011011010010000110100000010110011110000110001011010001000101101100010001101000101001101110100000000011110000101001111010100010000010101000001100110001011100001100100000101100110010000000001100000100011000010001110010010010011110000000001100100000000000011001011111
000001001010000011011000010000110110010010110011110000110001011010100111010000011101001100100010101100100100001011000000101010110000101011101101101000100100001001010000100001101100001100100110010001011010011011011100101101110001101101101100001010100000011011110101001000110100011
001100100100101011011010010000110100000010110011110000110001011010100111010000011101001100100010100000001011000000011110000101001111010100010000010101000001100110001011100001100100000101100110010000000001100000100011000010001110010010010011110000000001100100000000000011001011111
000001001010000011011000010000110110010010110011110000110001011010010000001111100011010010011000000000001011000000111110000101001111010100010000010111000001100110000001100001110100000100100110010001000001100000100011000010001110010010010011110000010011100100000010000011001011111
101100110100101011011010010000110100000010110011110000111001011010001000001101100010101100011000000000001011000000011110000101001111010100010000010101001011100110100010010110000011110010011001100000011000011011011100101100110001101101101100001110100000011011110100001000100100011
000001001011010100100101100111001001000101001100001111000110100101010000010000011101001100100010101100100100001011000000101010110000101011101101101000100100001001010100100001101100001100100110010100111000011111010011000010001110010010010011110001000001100100000000000000100100000
000001001010000011011000010000110110010010110011110000110001011010100111010000011101001100100010100000001011000000011110000101001111010100010000010101000001100110001011100001100100000101100110010000000101100000110011010010001110010010010100001010100000011011110100010000100100000

