ms -N 10000 10 1 -t 400 -r 400 100000 -eN 0.01 0.05 -eN 0.0375 0.5 -eN 1.25 1  [3.2rc Build:162]
0xc17d3694884c57fb

//
segsites: 277
positions: 0.00021 0.00080 0.00429 0.00606 0.00715 0.01216 0.01222 0.01245 0.01393 0.01398 0.01814 0.01909 0.01988 0.02002 0.02351 0.02621 0.02913 0.03826 0.04392 0.04999 0.05013 0.05097 0.05204 0.05226 0.05382 0.05648 0.06084 0.06567 0.06753 0.07882 0.08940 0.09180 0.10298 0.10409 0.10943 0.11090 0.11587 0.11825 0.12122 0.13628 0.14739 0.15000 0.15007 0.15007 0.15327 0.15670 0.15682 0.15801 0.16241 0.16489 0.16760 0.16993 0.17094 0.17334 0.17696 0.18243 0.18487 0.18891 0.19191 0.19708 0.19792 0.20067 0.20276 0.20346 0.20472 0.21303 0.21512 0.21671 0.21702 0.22129 0.22166 0.22176 0.22350 0.22466 0.22498 0.22627 0.22627 0.22697 0.22709 0.22741 0.23084 0.23336 0.23935 0.24003 0.24373 0.24524 0.24638 0.25016 0.25836 0.25992 0.26176 0.26696 0.26700 0.27362 0.28837 0.28963 0.30921 0.30928 0.31122 0.31379 0.31462 0.31782 0.32121 0.32184 0.32211 0.32525 0.32667 0.32847 0.33387 0.33821 0.33852 0.34052 0.34202 0.34240 0.34265 0.34283 0.34388 0.34523 0.34620 0.34717 0.35436 0.35576 0.35901 0.36156 0.37845 0.39852 0.40526 0.40591 0.41202 0.41211 0.41217 0.41488 0.41858 0.41915 0.41974 0.43324 0.43368 0.43474 0.43743 0.43770 0.43798 0.44518 0.45058 0.45198 0.45797 0.46031 0.46073 0.46111 0.46120 0.46160 0.46269 0.46574 0.46714 0.46828 0.46861 0.47181 0.47737 0.47866 0.48470 0.48540 0.49133 0.49851 0.50754 0.50939 0.51015 0.51581 0.51729 0.51748 0.51766 0.52021 0.52089 0.52090 0.52303 0.52347 0.52348 0.52543 0.52588 0.52867 0.53687 0.54170 0.54237 0.54280 0.55106 0.55138 0.55306 0.56121 0.56797 0.56901 0.57125 0.57431 0.57642 0.57807 0.57837 0.58442 0.58511 0.58656 0.59050 0.59304 0.61411 0.63286 0.64426 0.64953 0.66597 0.67120 0.67642 0.68538 0.75283 0.76242 0.76742 0.77344 0.80284 0.81611 0.83014 0.83112 0.83136 0.83438 0.83993 0.84030 0.84307 0.84331 0.84458 0.84509 0.84620 0.84655 0.84719 0.84738 0.84791 0.84846 0.84904 0.85091 0.85288 0.85429 0.85514 0.85571 0.85594 0.85641 0.85667 0.85672 0.85689 0.85760 0.85999 0.86044 0.86287 0.86518 0.86780 0.89468 0.89556 0.89942 0.89946 0.90458 0.90682 0.90695 0.90846 0.90901 0.91198 0.91224 0.91534 0.91554 0.91959 0.92803 0.93388 0.93733 0.93877 0.94319 0.94589 0.95018 0.95188 0.95361 0.95449 0.96296 0.96308 0.96367 0.96516 0.96745 0.96914 0.97509 0.97636 
1000011101010111011110110000000000001011011111101101000001010111111011010100111110111001001011001111101001001101010100110100001111101111100001100001110010011100010010101011001000011001001100110001000101100000000010001010101100011111111110010000101000101001011110011010110100100
0111100010101000100001001010011010100000100000010010110110101000000011010100111110111001011011001011101000001101010100110100001101101111100001100001100010011100010010101011001000011001001100110001001101100000000110001010101100011111111110010010001111000110100000100101000011011
0111100010101000100001001010111110010100011111101101000001010111011100101011000001000110100100100000010110110010100011000000010000010000011110100001100001100001101001010010000000000010110001001110100000010010000010011010101100011111111110010000000111000100100010011010110100100
0011100010101000100001001010011010100000100001100010110110101000000011010100111110111001001011011011101000001101011100110101001101101111100001100001100010011100010010101011001000011001001100110001000101100100100010001010101100111111111110010000001000101001011110011010110100100
0011100010101000100001001010011010100000100000010010110110101000000011010100111110111001001011001011101000001101010100111100001101101111100001101110001110000110000010000100110111111101001100010001000000010000000010001010101100011111111110010001001000101001011110011010110100100
1000011101010111010110110000000000001011011111101101000001010111111100101011000001000110100011001011101000001101010100110100001101101111100001100001100010011100001001010010000000000010110001001110100000010010000010001010101100011111111110010010000111010100100000100101001011011
1000011101010111010110110100000001001011011111101101000001010111011100101011000001000110100100100000010110110010100011000000010000010000011111011110001010000110000010000100110111111101001100010001000000010000000001100101010011000000000001101100010111000100100000100101000011011
0011100010110111010001001010011010100000100000010010110110101000000011010100111110111001001011001011101000010010100011000010110000010000011110100001100001100001001001010010000000000010110011001110110000011010010010001010101100011111111110010000000111000100100000100101000011011
0011100010101000100001001010011010100000100000001101000001010111011100101011000001000110100100100011101000001101010100110100001101101111100001100001110010011100010010101011001000011001001100110001000010010001001010001010101100011111111110010000001000101001011110011010110100100
1000011101010111010110110001001010100000011111101101001001010111011100101011000001000110100100100000010110110010100011000000010000010000011110100001100001100001001101010010000000000010110001001110100000010000000010001010101100011111111110010000001000101001011111011010110100100

