# Initial probabilities
-7.446486e-01
-9.109722e-01
-2.478803e+00
-3.781158e+00
-4.485431e+00
-5.280769e+00

# Transition Probabilities
-2.443082e-04 -8.775634e+00 -9.684858e+00 -1.098602e+01 -1.181579e+01 -1.262611e+01 
-8.619000e+00 -2.762778e-04 -9.624363e+00 -1.092102e+01 -1.174764e+01 -1.255761e+01 
-7.676610e+00 -7.769971e+00 -9.658705e-04 -9.925384e+00 -1.075607e+01 -1.157459e+01 
-6.532479e+00 -6.616979e+00 -7.432609e+00 -3.486532e-03 -9.609041e+00 -1.045372e+01 
-5.551554e+00 -5.637751e+00 -6.485494e+00 -7.803372e+00 -9.492755e-03 -9.541795e+00 
-4.712015e+00 -4.799681e+00 -5.666602e+00 -7.004632e+00 -7.896658e+00 -2.220296e-02 

# Emission Probabilities
-7.598583e-07 -1.409013e+01 
-1.476151e-05 -1.112349e+01 
-4.510693e-04 -7.704115e+00 
-1.035369e-03 -6.873515e+00 
-1.606717e-03 -6.434366e+00 
-3.486745e-03 -5.660529e+00 
